# Cameras (733)
# PhotoID, X, Y, Z, Omega, Phi, Kappa, r11, r12, r13, r21, r22, r23, r31, r32, r33
VID_20250228_065436_00_042.mp4.000000.0000.000000	-100.0334791503562570	-19.3241041140736272	29.4669338386021984	-92.9628223779496494	6.0129819679880354	-177.3326866556694483	-0.9934207328824985	0.1069058126986775	0.0410657362095834	0.0462805509823380	0.0467635953271617	0.9978332910626148	0.1047537974489278	0.9931688242002529	-0.0514035850570394
VID_20250228_065436_00_042.mp4.000000.0000.000012	-100.1760455313097253	-20.0565699323347246	29.4232320710552209	-90.8504243990719829	8.6984368989280600	-179.2843979840347401	-0.9884209159331945	0.1513907682206055	0.0102434488020511	0.0123456349933051	0.0129524083385947	0.9998398973909985	0.1512338528319549	0.9883891290457446	-0.0146714464793824
VID_20250228_065436_00_042.mp4.000001.0001.000024	-100.3770707876221167	-21.0038731544503321	29.5073713648400755	-85.1793666179926134	6.4372739258156724	-179.2033639893804491	-0.9935991439097047	0.1105396162853397	0.0232751896531879	0.0138158146238633	-0.0855818521331894	0.9962353486258819	0.1121154070062677	0.9901801552328460	0.0835068601665525
VID_20250228_065436_00_042.mp4.000001.0001.000036	-100.4889223950792712	-21.9516772235156523	29.5068777260307122	-82.1731858674344835	10.4054058165307914	175.3553842378678951	-0.9803245657478179	0.1893689445076619	-0.0557059121405083	-0.0796434025867480	-0.1212432037785394	0.9894225659251568	0.1806119437239885	0.9743918556687396	0.1339396781789214
VID_20250228_065436_00_042.mp4.000002.0002.000048	-100.5347457605798098	-22.8490413114765900	29.5644218533371443	-86.4313581736498691	6.5151017260540467	-179.9279169638893165	-0.9935411973654753	0.1131666769749522	0.0083181945171357	0.0012499612432316	-0.0623867095353127	0.9980512692593739	0.1134650903779153	0.9916154505128505	0.0618423121311626
VID_20250228_065436_00_042.mp4.000002.0002.000060	-100.4517580766598286	-23.8035613742017134	29.5208178472764189	-84.5744080058754264	-0.6785982563403183	177.3415946929000881	-0.9988537481534552	-0.0073922588247697	-0.0472921167771296	-0.0463780269004307	-0.0949980846394777	0.9943965217837670	-0.0118434969758503	0.9954500079985428	0.0945463545309112
VID_20250228_065436_00_042.mp4.000003.0003.000072	-100.5173631339127098	-24.6823727401077946	29.5541414578065051	-87.7484573247182453	3.7731208992934731	-178.8794315365146872	-0.9976416200762406	0.0649741116701560	0.0221260639140487	0.0195139730044868	-0.0405651348610399	0.9989863235756964	0.0658057957115833	0.9970621016999794	0.0392015638002568
VID_20250228_065436_00_042.mp4.000003.0003.000084	-100.4902031071954127	-25.6690628278547663	29.5128445549255218	-85.2085011483794119	4.0221207743197951	-179.9006821576753623	-0.9975355456319831	0.0697515842179645	0.0075862836610652	0.0017291531436787	-0.0836510243874685	0.9964936106911741	0.0701416084083310	0.9940509155058465	0.0833242590839001
VID_20250228_065436_00_042.mp4.000004.0004.000096	-100.5611816280501074	-26.5673844489440540	29.4907432871590665	-86.3202850266329307	14.0391530642465217	-178.5991687556677903	-0.9698402446934035	0.2404434639536982	0.0399604856700477	0.0237164638454250	-0.0700779903583205	0.9972595472644060	0.2425848905346500	0.9681301647553836	0.0622619865970087
VID_20250228_065436_00_042.mp4.000004.0004.000108	-100.6490478614855135	-27.5545589659789414	29.5001898286695017	-84.8521770500205861	12.6411575766020317	-175.9419615165624009	-0.9733134610815680	0.2110654531728799	0.0900682016826486	0.0690515290002896	-0.1049251442647332	0.9920799365191030	0.2188442204403433	0.9718241037234836	0.0875506630580636
VID_20250228_065436_00_042.mp4.000005.0005.000120	-100.7895028042952816	-28.4601940371950661	29.4959578684800334	-84.2869553569040590	13.8536448561056371	-176.4697174500929293	-0.9690681137452051	0.2316714969883574	0.0850606160657447	0.0597848593773298	-0.1140280955013644	0.9916770462330794	0.2394426058819595	0.9660879416075462	0.0966505435522805
VID_20250228_065436_00_042.mp4.000005.0005.000132	-100.9935859402987717	-29.4604845954857950	29.5276038262191918	-83.4356532950434797	9.1425266842375255	-174.4833533880615448	-0.9827232948376576	0.1461280800807002	0.1135848141053497	0.0949136646256368	-0.1289643231714824	0.9870965503010604	0.1588909124234313	0.9808235251873042	0.1128666929984196
VID_20250228_065436_00_042.mp4.000006.0006.000144	-101.1984906591528528	-30.4034644410771477	29.5433365191866315	-84.2747049801703128	12.8590564881746783	-176.9466921717278751	-0.9735364915912794	0.2158152857584270	0.0751695548287414	0.0519291934557175	-0.1114126120372431	0.9924165399397965	0.2225534956076434	0.9700572108448281	0.0972571297169074
VID_20250228_065436_00_042.mp4.000006.0006.000156	-101.4096435765321047	-31.3810542665156049	29.5577418643367480	-86.1546087560591616	10.3196179063369016	-178.4621051301614614	-0.9834693788567583	0.1768715170315105	0.0387872055460816	0.0264039664653093	-0.0718371372186247	0.9970668263818286	0.1791390839710885	0.9816088284949380	0.0659795151148798
VID_20250228_065436_00_042.mp4.000007.0007.000168	-101.4594639546174335	-32.3525139258340886	29.5498693315979857	-86.2242014039900937	11.8965213673752004	-178.7014923228654482	-0.9782702182722656	0.2041521884353993	0.0361837532405238	0.0221745637725600	-0.0704968854000966	0.9972655001905874	0.2061447762205740	0.9763974974906087	0.0644380177460987
VID_20250228_065436_00_042.mp4.000007.0007.000180	-101.5276861317582160	-33.3388024028146503	29.5546678393163731	-87.4945312061423834	10.0305478582222580	-178.1174722439261302	-0.9841835603451204	0.1724767519255225	0.0404288212989748	0.0323482790224932	-0.0494073405627124	0.9982547287855958	0.1741732137577005	0.9837736958994899	0.0430465662460137
VID_20250228_065436_00_042.mp4.000008.0008.000192	-101.4969051084550102	-34.3860506912762958	29.5409531921786765	-87.1282481867333729	10.8219745420871174	-177.3355004653985816	-0.9811534104154355	0.1849904588916854	0.0558257588323173	0.0456607633472361	-0.0587638221990201	0.9972271094846499	0.1877580355689419	0.9809818261923133	0.0492095189946637
VID_20250228_065436_00_042.mp4.000008.0008.000204	-101.3908816513320090	-35.3972928104346209	29.5276670039630602	-88.7316916705410819	4.9343563261698904	-176.8343870291802205	-0.9947736402056152	0.0846397470972804	0.0571097011319225	0.0550176045796193	-0.0268493166861448	0.9981243296202174	0.0860143472822398	0.9960498117086294	0.0220523163593921
VID_20250228_065436_00_042.mp4.000009.0009.000216	-101.1413814000121931	-36.4133741409339251	29.5292018356465675	-89.5511041713653952	1.7312430335930351	-176.2360665447204724	-0.9973875079889103	0.0296308916351426	0.0658799602958165	0.0656158262613634	-0.0098009140661914	0.9977968257253107	0.0302112934464994	0.9995128575182883	0.0078310538189909
VID_20250228_065436_00_042.mp4.000009.0009.000228	-100.9261579229495993	-37.4658198206008421	29.4825178239046366	-86.6786987833266949	0.6381277512698427	-176.5291944802641240	-0.9981038687318746	0.0075907069859196	0.0610823083217952	0.0605361875025972	-0.0585020296830950	0.9964501405116108	0.0111372000572557	0.9982584303127182	0.0579315896939869
VID_20250228_065436_00_042.mp4.000010.0010.000240	-100.7245654256228846	-38.5075616512622787	29.4791383653248573	-84.1434472701620422	-1.4119499787173908	-178.4169906974304922	-0.9993148392555864	-0.0273215416381811	0.0249676872396015	0.0276168217270472	-0.1013221324047264	0.9944702794164619	-0.0246406818346798	0.9944784355869525	0.1020072446017919
VID_20250228_065436_00_042.mp4.000010.0010.000252	-100.4797601764234543	-39.4138005057132972	29.4769533376291371	-84.9872538853045114	4.5948784413036403	-176.7800812286819223	-0.9952124147860227	0.0747695763262234	0.0629425127538656	0.0559880842169257	-0.0917218602439588	0.9942094521674528	0.0801098238763007	0.9929736203995477	0.0870965286858393
VID_20250228_065436_00_042.mp4.000011.0011.000264	-100.2415341799249262	-40.4567399733487747	29.4968442237582380	-84.8619631735384843	2.2598420317228172	-175.3399768509995056	-0.9959191635003796	0.0318674236892541	0.0844362900660233	0.0811799226718679	-0.0924501364298026	0.9924025354809914	0.0394314586046930	0.9952072344901440	0.0894858675478196
VID_20250228_065436_00_042.mp4.000011.0011.000276	-100.0667883958463449	-41.4677707997171439	29.4752209828269116	-82.7876170608367374	6.5821935572730279	-177.7618132642770945	-0.9926505761602870	0.1087315675401088	0.0531251340602701	0.0387963680219542	-0.1298931239053007	0.9907687006513820	0.1146284235124779	0.9855481837953906	0.1247200943739661
VID_20250228_065436_00_042.mp4.000012.0012.000288	-99.9204436598474643	-42.4781036094332336	29.5154093829541573	-85.0109595605815400	7.1804885434157510	-174.8536873300099046	-0.9881578253876541	0.1162191240290194	0.1001859637627450	0.0889958931883968	-0.0977841506117132	0.9912204552392700	0.1249953723973096	0.9883983888590032	0.0862831488773129
VID_20250228_065436_00_042.mp4.000012.0012.000300	-99.8033508848631072	-43.3257333630695456	29.4870679515759235	-81.1109859956767991	13.6833484215582057	-178.8473470178587377	-0.9714213013090646	0.2305589574017523	0.0564200542787804	0.0195452919821819	-0.1591911405246279	0.9870542854067349	0.2365557797314087	0.9599483048270284	0.1501353227437835
VID_20250228_065436_00_042.mp4.000013.0013.000312	-99.7343674166778698	-44.0023486120224874	29.4930132272319980	-83.3638029864563919	12.2383317940571654	179.7762242574068239	-0.9772668422762588	0.2110081346039999	0.0206176166986055	-0.0038168557467649	-0.1147414566711109	0.9933880559646366	0.2119786560000765	0.9707265141387311	0.1129384086503318
VID_20250228_065436_00_042.mp4.000013.0013.000324	-99.6821750706716188	-44.4836182034601819	29.3947957747646527	-74.7357013470679732	19.1868206976802789	177.0802492688002019	-0.9432259587950458	0.3300539597017045	0.0372716291620337	-0.0481077502919042	-0.2467803050155891	0.9678766065042926	0.3286494104924248	0.9111332859366068	0.2486477432862469
VID_20250228_065436_00_042.mp4.000014.0014.000336	-99.6225300171049071	-44.8991879429834597	29.1908431223279976	-77.0326444433871274	14.2719312839276000	-176.5404358116460344	-0.9673704963443263	0.2262586588495104	0.1140234278477578	0.0584816795829245	-0.2384838481447944	0.9693840040599037	0.2465242705205556	0.9444217667280184	0.2174702521602352
VID_20250228_065436_00_042.mp4.000014.0014.000348	-99.6149266498447759	-45.3207843574286358	29.0190286499257368	-79.6384081618040369	15.8685395946235186	-179.4880118391569113	-0.9618531889507267	0.2673541316711806	0.0579673285883232	0.0085952326223841	-0.1822560576357307	0.9832135329780856	0.2734310971368926	0.9462053147881966	0.1730055992882455
VID_20250228_065436_00_042.mp4.000015.0015.000360	-99.6093681629391199	-45.7700022257489536	28.8208172830907579	-81.8564418168593164	8.1867811597754461	-177.7995836511490211	-0.9890792626261040	0.1354218938700378	0.0581646190020590	0.0380037904809906	-0.1469617377395181	0.9884118370141356	0.1424005763755170	0.9798281269188150	0.1402102619164773
VID_20250228_065436_00_042.mp4.000015.0015.000372	-99.5189441655619902	-46.2373123608522718	28.5504317958805061	-80.0856556482190030	5.0928267201646999	-174.5354297373394274	-0.9915254044257574	0.0706501919248567	0.1090225791261571	0.0948542644087089	-0.1797205363627087	0.9791339016360241	0.0887695944669175	0.9811773943535804	0.1714960055152820
VID_20250228_065436_00_042.mp4.000016.0016.000384	-99.5535321990537767	-46.8079976320373987	28.3096685704272595	-75.5359646200746511	2.2545925838081331	-176.6772290457130055	-0.9975460477336693	0.0235519790541739	0.0659332005409080	0.0579159232679484	-0.2515602467818580	0.9661072342504594	0.0393399095443412	0.9675550353967896	0.2495788953324390
VID_20250228_065436_00_042.mp4.000016.0016.000396	-99.5107788270942706	-47.3460375452111037	28.0251222395559623	-77.5865128886135409	-1.7440383043375649	-175.1808310677221812	-0.9960032087664125	-0.0476774189544099	0.0755279540889068	0.0839723091640965	-0.2117082152259497	0.9737187904623660	-0.0304345103568257	0.9761692964479516	0.2148656446518415
VID_20250228_065436_00_042.mp4.000017.0017.000408	-99.5372413103783629	-47.8780016670077515	27.7256047328324726	-79.9192142876230065	-5.8216472804134130	-174.4986469537527682	-0.9902601477653571	-0.1161868904312621	0.0767166620731573	0.0953748090710812	-0.1646562268112212	0.9817290729966934	-0.1014321721269337	0.9794840138890506	0.1741338019840103
VID_20250228_065436_00_042.mp4.000017.0017.000420	-99.4672249343373664	-48.4488277192925096	27.4468954080203993	-78.8613414535453359	-10.0135891562811885	-178.1962513442198599	-0.9842785914826199	-0.1766024099835375	-0.0026913076740753	0.0309966624002017	-0.1877182686965071	0.9817337004084327	-0.1738817450712926	0.9662160422936439	0.1902411583894757
VID_20250228_065436_00_042.mp4.000018.0018.000432	-99.4838630850017438	-48.9578380190135363	27.2292205916003134	-82.6988913772179046	-14.7178550213134205	-177.5031450195881746	-0.9662703925298431	-0.2572965472165181	0.0109551499615989	0.0421351359649492	-0.1159849073273100	0.9923568569771113	-0.2540593608537938	0.9593466464541028	0.1229140069309775
VID_20250228_065436_00_042.mp4.000018.0018.000444	-99.4913631536583409	-49.7454295176227532	26.8710567595458159	-74.5023797946399355	-5.6110904090146612	-176.9260051044034867	-0.9937764997061201	-0.1084136697440242	0.0255879824231080	0.0533686494699055	-0.2617612484551514	0.9636559739144250	-0.0977755382782933	0.9590242567421506	0.2659180683867783
VID_20250228_065436_00_042.mp4.000019.0019.000456	-99.6710818157422551	-50.7826318057651633	26.6227746383696200	-71.0800983928802026	-1.0629715592713287	-177.3281803120250402	-0.9987410200425280	-0.0326447152294552	0.0380880224217339	0.0466071298054300	-0.3230754896446456	0.9452248427978249	-0.0185512893274437	0.9458099970704795	0.3241902205585929
VID_20250228_065436_00_042.mp4.000019.0019.000468	-99.6797493133973518	-51.7344030066096252	26.6474772885112401	-74.3691042790906494	6.0453726774037904	176.8400779984536371	-0.9929268292684033	0.1161192514869783	-0.0247513868924476	-0.0548165389104634	-0.2634388389757139	0.9631173994799419	0.1053159948957107	0.9576618910415262	0.2679407465576943
VID_20250228_065436_00_042.mp4.000020.0020.000480	-99.7093471774365838	-52.4921182524560095	26.6831568428460137	-80.1987613293923687	4.9992438804513819	-177.8279775569813239	-0.9954801233677498	0.0793572631587767	0.0521703820541760	0.0377556871261734	-0.1733629860329412	0.9841340270325850	0.0871425961821228	0.9816555912628885	0.1695832187244614
VID_20250228_065436_00_042.mp4.000020.0020.000492	-99.7165042564678998	-52.9846333212094152	26.4299282310431778	-79.2040016891440644	13.6175479773814203	177.4581941622363104	-0.9709327244670900	0.2393520428783067	0.0004940940143605	-0.0431016520662898	-0.1768718641589432	0.9832896782017482	0.2354397845481308	0.9546868299284964	0.1820471494229113
VID_20250228_065436_00_042.mp4.000021.0021.000504	-99.6633184141558814	-53.5502264200280820	26.1601125525407028	-77.6158137002637858	8.9425893333367803	-177.7867660601406783	-0.9871076836358947	0.1434321235595859	0.0710327166745454	0.0381491886655105	-0.2201691471935424	0.9747154384887068	0.1554447178618233	0.9648589392005734	0.2118588377519387
VID_20250228_065436_00_042.mp4.000021.0021.000516	-99.5753176578575392	-54.1127959794959281	25.9003588483796108	-77.6378412706399246	5.9468790355558818	-179.4827970285128913	-0.9945778571126812	0.0992674659890226	0.0309976827725164	0.0089781935038782	-0.2149950566760369	0.9765738669687385	0.1036063616895904	0.9715570471161155	0.2129380802403831
VID_20250228_065436_00_042.mp4.000022.0022.000528	-99.6383189292757550	-54.6736243695348207	25.6734769892459838	-78.7866351360537607	6.2741470991239270	-179.4462675119853259	-0.9939639476282758	0.1053151635202453	0.0307308826413821	0.0096064190211686	-0.1954900917021151	0.9806586260059554	0.1092858066210070	0.9750345329161439	0.1932984016803891
VID_20250228_065436_00_042.mp4.000022.0022.000540	-99.6049478496314578	-55.2020817183340569	25.4286197740793298	-77.3191491850319608	8.0536399410240129	178.6412328710684392	-0.9898589285893867	0.1418497858101008	0.0076118169644381	-0.0234788667278851	-0.2162173031776805	0.9760629183734753	0.1401001224447922	0.9659858777809330	0.2173551002823596
VID_20250228_065436_00_042.mp4.000023.0023.000552	-99.5897401184725908	-55.7266119551863142	25.1777754079245923	-79.5400258398948381	9.8573567053480655	-176.3104476517675892	-0.9831949813757194	0.1563192885646639	0.0942969173421730	0.0634003381661110	-0.1920057528950679	0.9793437537328867	0.1711958694537400	0.9688643201593482	0.1788683968848107
VID_20250228_065436_00_042.mp4.000023.0023.000564	-99.5723363183137593	-56.2298142821291407	24.8830428861004762	-76.1799809929847100	13.5058665949645995	178.8416742938765083	-0.9721473151079615	0.2315665267379184	0.0361461121411237	-0.0196561888377843	-0.2342394531031299	0.9719802018818698	0.2335449249475465	0.9441974487915565	0.2322669708046348
VID_20250228_065436_00_042.mp4.000024.0024.000576	-99.5515423237809074	-56.7386428312699280	24.6808192244892695	-79.5852402568673654	7.7258588831799289	-179.7688835287788720	-0.9909145661060234	0.1314883619357897	0.0282689468207528	0.0039971167487563	-0.1813043771613773	0.9834189066109225	0.1344334249233001	0.9745971134256288	0.1791315738942283
VID_20250228_065436_00_042.mp4.000024.0024.000588	-99.5188360772668403	-57.2942926489133839	24.4628935449998650	-78.6226906186740564	10.3226398445608680	178.7583712207073461	-0.9835833132702366	0.1799030998532798	0.0140975359380514	-0.0213180894818997	-0.1934162385868544	0.9808851603076454	0.1791909733139075	0.9644817433803993	0.1940761751702679
VID_20250228_065436_00_042.mp4.000025.0025.000600	-99.5470885956782467	-57.9419458474304179	24.2062442892189935	-80.1103307434569132	11.8246203387982387	-177.9936109841495124	-0.9781793641166467	0.1957347181618231	0.0696638480308446	0.0342679856929976	-0.1787138972091874	0.9833041483187432	0.2049166581147014	0.9642350662833291	0.1681068118092983
VID_20250228_065436_00_042.mp4.000025.0025.000612	-99.4810252294500117	-58.7230707381975066	24.0068271490347200	-81.6445614863846174	15.2334551192564316	-178.5541945367176027	-0.9645560612662581	0.2562144346001659	0.0631329405068385	0.0243448384765449	-0.1518265647672064	0.9881072932989313	0.2627526089576917	0.9546218401720687	0.1402077342817430
VID_20250228_065436_00_042.mp4.000026.0026.000624	-99.4755001801004397	-59.5379411693389216	24.0028061280816765	-85.8252667709749772	15.8475141883340473	-176.5085444150710146	-0.9602063050008730	0.2674146194437885	0.0805808484958080	0.0585850053253621	-0.0892495098585473	0.9942848294835021	0.2730781005272995	0.9594393916750255	0.0700314551802198
VID_20250228_065436_00_042.mp4.000026.0026.000636	-99.3701793435853915	-60.2015782539109097	23.9824995575414732	-85.0796361028097010	21.5938420839876812	-177.9062434919522673	-0.9291952820805032	0.3632899815953057	0.0679449558967900	0.0339706545697039	-0.0991099347769798	0.9944964632700354	0.3680246219853234	0.9263895563427869	0.0797512853286675
VID_20250228_065436_00_042.mp4.000027.0027.000648	-99.4465907425382625	-60.7742212585200150	23.7374003455438896	-87.7889485215948895	23.7719378171700768	-176.1784843149534652	-0.9131223633342945	0.3993300587414092	0.0821160993007788	0.0609939370745115	-0.0653406202779010	0.9959971601274021	0.4030971213230668	0.9144758649233352	0.0353072691350509
VID_20250228_065436_00_042.mp4.000027.0027.000660	-99.4148826295664634	-61.3228363151948486	23.5887543174457477	-84.6909886449816298	22.5740256883109609	-176.4202173086792129	-0.9215826508587738	0.3757069429186906	0.0976202370351934	0.0576545975148390	-0.1162124657035392	0.9915496004741799	0.3838767575948268	0.9194231647385200	0.0854381596283941
VID_20250228_065436_00_042.mp4.000028.0028.000672	-99.4692327092129034	-61.7817421346891251	23.4154354020772715	-83.9100786255205691	26.4162334586219032	-178.7352085921411060	-0.8953675483385622	0.4399287798727960	0.0691348104924394	0.0197682477489696	-0.1158279204347573	0.9930725599011864	0.4448889409314732	0.8905316173429175	0.0950119400363950
VID_20250228_065436_00_042.mp4.000028.0028.000684	-99.5092042117171474	-62.2683030387299539	23.2434797945548191	-84.9087534188699777	24.9093216491674703	-176.5725169829513561	-0.9053531642733552	0.4134657779274805	0.0968591679865498	0.0542237041673914	-0.1136645711437955	0.9920383839212397	0.4211833779324517	0.9033971528345219	0.0804869331251281
VID_20250228_065436_00_042.mp4.000029.0029.000696	-99.5738141572377629	-62.7961760495083894	22.9803664407253194	-80.3790322770085481	26.8000644143869557	176.5776073345372197	-0.8909934510155760	0.4537211631585120	0.0163638733019157	-0.0532842251714930	-0.1402942024211342	0.9886750366601211	0.4508785441726273	0.8800310465370553	0.1491773961954939
VID_20250228_065436_00_042.mp4.000029.0029.000708	-99.5222767646825446	-63.3478689521258360	22.7508282158576414	-82.0449746408124412	22.9972215036995209	-176.9128032264267176	-0.9191878716564940	0.3789119840073688	0.1073283046321177	0.0495754353894110	-0.1590331043709311	0.9860277622461221	0.3906864891515388	0.9116656076049728	0.1273965741482097
VID_20250228_065436_00_042.mp4.000030.0030.000720	-99.4735624178267273	-63.8200054797975724	22.4631944455547838	-83.4716700942082639	23.4142037316891489	-178.0710582384433280	-0.9171361454703886	0.3907480393340602	0.0785955496723954	0.0308883291591102	-0.1269189804056337	0.9914320367703241	0.3973753915298188	0.9117058419081138	0.1043324304190269
VID_20250228_065436_00_042.mp4.000030.0030.000732	-99.4544258667318104	-64.3908128692496007	22.2260726665786983	-83.2335693549545113	19.7106615127141112	-175.4291740905898962	-0.9384137350651306	0.3244666546520175	0.1187478499175447	0.0750220776477526	-0.1441377839404901	0.9867096772131808	0.3372704400129455	0.9348506240355479	0.1109187136321956
VID_20250228_065436_00_042.mp4.000031.0031.000744	-99.5234252021222687	-64.8771534821246973	21.9546215814547914	-83.2662952093300248	19.2842973693023048	178.1630714243371187	-0.9434064392352207	0.3315676224712895	0.0068703812309304	-0.0302564039302385	-0.1066813949834592	0.9938327978013173	0.3302557197547563	0.9373803879392399	0.1106759588896712
VID_20250228_065436_00_042.mp4.000031.0031.000756	-99.5113258014587245	-65.3800820781448522	21.7317001145293496	-84.8229565548735280	13.1145851718985345	179.7574938322729281	-0.9739095160027508	0.2263535203773646	0.0162584886155419	-0.0041221269137985	-0.0892763086643829	0.9959983678605948	0.2268992347034124	0.9699452688291417	0.0878801045002213
VID_20250228_065436_00_042.mp4.000032.0032.000768	-99.4523540878176533	-65.9131327784064069	21.4602181763570172	-81.5269570156035428	11.9122404416169356	178.6301758895469050	-0.9781852832511038	0.2076242989602766	0.0067603337352291	-0.0233908527680035	-0.1424213787739567	0.9895296958024611	0.2064132254429050	0.9677852558028455	0.1441710061450553
VID_20250228_065436_00_042.mp4.000032.0032.000780	-99.3026106395893748	-66.4893721789901520	21.2673810939558265	-82.0927261562767399	2.5944597361115775	-177.1696476384864809	-0.9977563210640933	0.0379882376202819	0.0551290992049642	0.0493282633691263	-0.1396164246076063	0.9889762264143536	0.0452663916126733	0.9894767040119206	0.1374292763863452
VID_20250228_065436_00_042.mp4.000033.0033.000792	-99.0827280317914898	-67.1419882214345733	21.0654266597817887	-80.1500106042849154	-0.3407232042404756	-178.8634337170565800	-0.9997855783244919	-0.0092511403655608	0.0185260296960314	0.0198351721383995	-0.1709193085386466	0.9850853546342629	-0.0059467067021677	0.9852415979700653	0.1710661576957601
VID_20250228_065436_00_042.mp4.000033.0033.000804	-98.7839991299181150	-67.8678146504143456	21.0898419615823691	-86.5553507426222950	-6.0991021796772396	-174.2160959590688663	-0.9892774849375598	-0.1115717040936741	0.0942433692163527	0.1002063677690692	-0.0490903366426752	0.9937549107837602	-0.1062484901264305	0.9925431444999974	0.0597441599816361
VID_20250228_065436_00_042.mp4.000034.0034.000816	-98.4462662726683533	-68.7134716531795249	21.0381937279311799	-84.0645676417050680	-6.7055073802108502	-175.0514579455438025	-0.9894574998765017	-0.1246273699813162	0.0737690625512030	0.0856709402431879	-0.0930038342854497	0.9919731734306394	-0.1167662020277756	0.9878351610768596	0.1027002853173443
VID_20250228_065436_00_042.mp4.000034.0034.000828	-98.1634711742801613	-69.6184540070732254	20.9813118351878032	-83.5733283783708742	-12.2499987499108478	-175.6971204550102357	-0.9744766523208459	-0.2186481094553467	0.0508749281391161	0.0733205194176706	-0.0957966278335381	0.9926968860271730	-0.2121776508350502	0.9710901144215841	0.1093829701498098
VID_20250228_065436_00_042.mp4.000035.0035.000840	-97.7762516196107043	-70.5084073835538021	20.9442779555219865	-83.3678836990211778	-16.2802801438343678	-177.6786425177208741	-0.9591141061309497	-0.2829098721554483	0.0078826174344160	0.0388801017720254	-0.1041203459020951	0.9938044532278096	-0.2803363499563096	0.9534783467946276	0.1108628571116475
VID_20250228_065436_00_042.mp4.000035.0035.000852	-97.5049837302164093	-71.3190359695017548	20.9078618125521132	-86.4551184107849764	-13.1658228393669372	-179.0963061395330556	-0.9735938290076022	-0.2282811856424995	0.0016602409375543	0.0153572172156288	-0.0582372343468487	0.9981846424459867	-0.2277700858271517	0.9718519047762806	0.0602051757327148
VID_20250228_065436_00_042.mp4.000036.0036.000864	-97.0794188460778997	-72.1379036212713629	20.8830022422542960	-85.7090042813486264	-14.5126451552285953	-175.9924697563932625	-0.9657252499711751	-0.2545093436597093	0.0509876020029936	0.0676576326373141	-0.0571747711968977	0.9960690188357920	-0.2505936677452683	0.9653787026491140	0.0724346198822612
VID_20250228_065436_00_042.mp4.000036.0036.000876	-96.9271702242385516	-72.8187334986295127	20.8979812784351751	-86.0238511940403896	4.9866852014973038	-176.5561260585701007	-0.9944158821635523	0.0823930363288977	0.0659427089630762	0.0598433807031484	-0.0744250141384891	0.9954293983284319	0.0869242376262344	0.9938170379073760	0.0690787382492417
VID_20250228_065436_00_042.mp4.000037.0037.000888	-96.9041762351204312	-73.5222353418124470	20.8880391330183457	-85.4028161554985985	20.0195015916262626	-175.3950303366736989	-0.9365431255856589	0.3337021804434246	0.1073770398434842	0.0754342300884976	-0.1072876716226906	0.9913622105208254	0.3423399638505570	0.9365533675584570	0.0753069642577195
VID_20250228_065436_00_042.mp4.000037.0037.000900	-96.4624633810242074	-74.3830359553383857	20.8530655766117086	-84.9662506553756742	-6.7180714132901462	-175.5442584903633474	-0.9901321961648960	-0.1229972225068542	0.0671559183786474	0.0771555691687985	-0.0784240178493372	0.9939299228671034	-0.1169839829374899	0.9893034704679683	0.0871400657339370
VID_20250228_065436_00_042.mp4.000038.0038.000912	-95.8109184888185723	-75.1172362324902139	20.8285005056971393	-83.6015645350333045	-42.7156341951413765	-170.6163531282783765	-0.7248979108477237	-0.6832838333085282	0.0874426782973232	0.1197935132451772	-0.0000367035693740	0.9927988279793776	-0.6783601794275543	0.7301528619351236	0.0818795772764203
VID_20250228_065436_00_042.mp4.000038.0038.000924	-95.0687994989633154	-75.5904763706487586	20.8005440238616757	-86.9314998783610235	-60.0276584138272682	-175.4594059541254012	-0.4980139448742149	-0.8665474850185776	0.0328263144260914	0.0395495955934988	0.0151181867962965	0.9991032328625424	-0.8662666680642936	0.4988656097948330	0.0267425347492791
VID_20250228_065436_00_042.mp4.000039.0039.000936	-94.2983589005407055	-75.9702985462640044	20.7881220669808542	-100.5955366790421266	-71.8281678547393909	172.5357014117673202	-0.3092250858357083	-0.9498983322167288	0.0455302618241550	-0.0405142509389079	0.0609918612449703	0.9973156914100639	-0.9501254873756193	0.3065504058287180	-0.0573446329266344
VID_20250228_065436_00_042.mp4.000039.0039.000948	-93.4260856238932007	-76.2213716675988735	20.7772476433992708	-108.1675622233018572	-80.0902986982932390	165.4879471828264172	-0.1666051677875630	-0.9842416861611539	0.0592538715117124	-0.0431244194259008	0.0673096810262662	0.9967997247638672	-0.9850802010575876	0.1635166965872014	-0.0536589919915780
VID_20250228_065436_00_042.mp4.000040.0040.000960	-92.5538806411247492	-76.5520430137634804	20.7496040357680229	-103.1481760398665273	-79.7369178017132185	172.0811242613692968	-0.1764692351590159	-0.9804059746409268	0.0875370431918207	-0.0245463887342356	0.0932883918630517	0.9953365012616153	-0.9840000426028955	0.1734975528126559	-0.0405279573321904
VID_20250228_065436_00_042.mp4.000040.0040.000972	-91.5512049829858654	-76.7597824380886351	20.7352604700409273	-91.7803599707578144	-82.9294006577273564	-173.7151116623341807	-0.1223524556729462	-0.9825535232121996	0.1400658795499238	0.0134751742424529	0.1394686171329697	0.9901348011832293	-0.9923952318859333	0.1230328365043704	-0.0038242478677081
VID_20250228_065436_00_042.mp4.000041.0041.000984	-90.5536244606507665	-76.9612172599562001	20.7191921304152942	-82.8710340078984586	-80.4402615050024679	-166.2250548092760027	-0.1612992589181433	-0.9798968712243150	0.1174081378664033	0.0395441161978704	0.1124532250232905	0.9928698479941823	-0.9861129813295165	0.1647919717299961	0.0206105338784124
VID_20250228_065436_00_042.mp4.000041.0041.000996	-89.5014871559379941	-77.1684219812952961	20.7352441214493801	-78.3511352640504555	-78.7002486222221904	-165.1239834959497159	-0.1893746278613270	-0.9800652785345418	0.0600774511226573	0.0503038191359661	0.0514206008890695	0.9974093681054651	-0.9806155088018546	0.1919061531457978	0.0395632693550684
VID_20250228_065436_00_042.mp4.000042.0042.001008	-88.5067816004942785	-77.2564665932520143	20.7484580184615304	-67.1930000569163042	-74.3091660638063161	-160.6556202955293031	-0.2551782880452306	-0.9657622929426301	-0.0467678825744686	0.0895841193727261	-0.0717760989550044	0.9933895898261743	-0.9627350242234458	0.2493017953184360	0.1048326665905531
VID_20250228_065436_00_042.mp4.000042.0042.001020	-87.4552937927773968	-77.2608289736839708	20.7778693590075925	-73.7188051893042910	-76.7979870639575353	-166.8676225568765403	-0.2224122865933921	-0.9737844519696356	-0.0477138960314023	0.0518894675442396	-0.0606935042665601	0.9968067925620394	-0.9735708797669917	0.2192262293660180	0.0640281377808547
VID_20250228_065436_00_042.mp4.000043.0043.001032	-86.3838162592011116	-77.2717472400578060	20.6912283691499255	-64.6641120410449730	-66.4459844885550979	-160.6211348382335018	-0.3769733962041248	-0.9235638196411843	-0.0701493378736682	0.1325970093119336	-0.1287687959637824	0.9827698765772023	-0.9166837468155848	0.3611765056531556	0.1710042107327099
VID_20250228_065436_00_042.mp4.000043.0043.001044	-85.2799709584372323	-77.3200779640246054	20.7304426166402749	-64.7466037973170074	-68.1065817235779463	-158.6879034846675722	-0.3473815357946223	-0.9368673611914307	-0.0400701400443669	0.1355228972426053	-0.0924415098596271	0.9864522855049014	-0.9278790939082204	0.3372448884550782	0.1590794527869078
VID_20250228_065436_00_042.mp4.000044.0044.001056	-84.2979115577528972	-77.2862216382756202	20.7642399247920082	-72.0100653719436679	-67.3394978796122246	-164.7203547852698478	-0.3716511125498262	-0.9280547456192484	-0.0242866151216830	0.1015303396860688	-0.0666347723816932	0.9925983060799931	-0.9228039015217198	0.3664344364865734	0.1189906008601506
VID_20250228_065436_00_042.mp4.000044.0044.001068	-83.3293242062906643	-77.4430852986401987	20.7505531244899437	-71.3431965853176848	-68.6801615922649518	-165.5582603205322698	-0.3520855011943195	-0.9345054889893146	-0.0523000085811354	0.0906736444562392	-0.0896708213787706	0.9918353865406703	-0.9315653976236818	0.3444686267892893	0.1163068145386718
VID_20250228_065436_00_042.mp4.000045.0045.001080	-82.2750603758991588	-77.5420972474482681	20.7318782743784595	-73.4734970035191139	-68.6246737455300746	-167.0643638973137115	-0.3552261906728267	-0.9337648537726371	-0.0435608920826772	0.0815902200219037	-0.0773937319054841	0.9936565031531369	-0.9312128593704287	0.3494186716829943	0.1036783604347691
VID_20250228_065436_00_042.mp4.000045.0045.001092	-81.2104518528508805	-77.6612481463703972	20.7041925786064418	-77.1217268609445910	-72.7162779287206718	-166.8631757528839898	-0.2893284383603650	-0.9571228680417684	0.0143132884918932	0.0675248885133942	-0.0054919460923432	0.9977024746683617	-0.9548452461981503	0.2896302021537440	0.0662185911445973
VID_20250228_065436_00_042.mp4.000046.0046.001104	-80.1031966643472657	-77.7594755236689537	20.6654550830144395	-72.6437922979773987	-73.2971986755249816	-160.7605058342231814	-0.2713554931599280	-0.9614384592285601	0.0447469043414738	0.0947057600407221	0.0195937901655410	0.9953124647074698	-0.9578084439735545	0.2743212942940477	0.0857368774203790
VID_20250228_065436_00_042.mp4.000046.0046.001116	-79.0010982384923182	-77.9271831811611264	20.6456275507497580	-64.6790668218298492	-74.6050283586586147	-154.1264701255531691	-0.2388605046377215	-0.9707706494742079	0.0234521948575843	0.1158480896205818	-0.0045092868318858	0.9932567072330949	-0.9641187061018338	0.2399666902961597	0.1135390157295389
VID_20250228_065436_00_042.mp4.000047.0047.001128	-77.9252155619036131	-78.0134382268312834	20.6871179754920611	-51.3249703019752488	-76.4276123259410127	-136.6797274410537000	-0.1707321496211472	-0.9808538156777935	0.0936820439361558	0.1610039305951685	0.0660283433715962	0.9847426020054728	-0.9720742088023159	0.1832103985638265	0.1466481586636383
VID_20250228_065436_00_042.mp4.000047.0047.001140	-76.8736984118011435	-78.1106264583767569	20.6669310490365277	-67.5055553389766914	-77.1423890460891357	-153.2584361788537990	-0.1987283663582336	-0.9765654474051896	0.0826254400223680	0.1001306510007008	0.0636343243734521	0.9929373220358425	-0.9749260941911255	0.2055981510029616	0.0851381886664261
VID_20250228_065436_00_042.mp4.000048.0048.001152	-75.7163741266047623	-78.2411189756142988	20.6912975324992345	-44.0493190462804591	-81.4776838135446155	-129.8848532889375065	-0.0950293213243582	-0.9924367908441689	0.0777087142318002	0.1137148684090379	0.0667287534855434	0.9912699945832019	-0.9889582179199217	0.1030363510475465	0.1065136309185810
VID_20250228_065436_00_042.mp4.000048.0048.001164	-74.6640343112925962	-78.4319773852866717	20.6841342650125348	-60.7770321310237307	-74.2127226914751645	-148.4470432810069838	-0.2318434030103953	-0.9711197280840580	0.0563481162640331	0.1423687425050127	0.0234278610708570	0.9895363947239063	-0.9622784304129968	0.2374396956104651	0.1328254994732148
VID_20250228_065436_00_042.mp4.000049.0049.001176	-73.5636965709631170	-78.6881433125350469	20.7118946538894093	-58.7457932729128274	-78.0345880054840961	-150.6461952308127650	-0.1807030648275130	-0.9832607993799549	-0.0233367256622670	0.1016290802187455	-0.0422671372688792	0.9939240510023820	-0.9782729334985385	0.1772334322575345	0.1075656919021044
VID_20250228_065436_00_042.mp4.000049.0049.001188	-72.5067494824752572	-78.8193893605881613	20.7259980174935770	-64.3267421278814453	-74.8580337319390168	-156.0927931690390835	-0.2388004240576072	-0.9709186640515184	-0.0170676672782724	0.1058577194358053	-0.0434994115108673	0.9934293857310941	-0.9652815655060224	0.2354246142497063	0.1131669134492030
VID_20250228_065436_00_042.mp4.000050.0050.001200	-71.4527775435758485	-79.0228293905435066	20.7316959716970501	-67.1893004149731468	-79.3440784801281609	-158.4812607213743263	-0.1720219171541193	-0.9849578024302171	-0.0163275059472952	0.0678262353265246	-0.0283777785610905	0.9972934891421726	-0.9827553417916651	0.1704489047068811	0.0716875795669822
VID_20250228_065436_00_042.mp4.000050.0050.001212	-70.3957517348485311	-79.1305270665639284	20.7107296249862678	-58.0684423664789904	-78.4721875728818645	-150.0329836528949556	-0.1731271145204316	-0.9845811768707434	-0.0250381383024245	0.0998221440902426	-0.0428323305324109	0.9940829598229666	-0.9798278123053337	0.1696033537787048	0.1056984418993939
VID_20250228_065436_00_042.mp4.000051.0051.001224	-69.3607077148434712	-79.3316289161543438	20.7181578536743842	-61.4379882216147948	-80.6930471486226963	-153.9611907490819362	-0.1453081323786208	-0.9886421828758756	-0.0383690096700649	0.0709933896630904	-0.0490993809598900	0.9962676294116459	-0.9868360984929471	0.1420418425245888	0.0773215990745035
VID_20250228_065436_00_042.mp4.000051.0051.001236	-68.3091043143364942	-79.3754146456200829	20.7281187836641934	-61.1542745682184261	-80.9394140542071909	-152.9250660598002867	-0.1402210002483454	-0.9897907482820585	-0.0255410591909697	0.0716773198200320	-0.0358758106715749	0.9967824677591769	-0.9875223708416789	0.1379391199910321	0.0759760900766101
VID_20250228_065436_00_042.mp4.000052.0052.001248	-67.2709593411910021	-79.4784653646090078	20.7129705722943420	-65.5620645256397552	-80.8945194200304769	-155.3759528466105166	-0.1438612410150903	-0.9895656341567233	0.0079874294738937	0.0659378677166510	-0.0015318500791487	0.9978225548845430	-0.9873986737557324	0.1440746651265841	0.0654702217354055
VID_20250228_065436_00_042.mp4.000052.0052.001260	-66.1926994713715118	-79.4893332805217483	20.7265059847177042	-71.1614622723352568	-81.6033923016782694	-158.6217762822873567	-0.1359771601466966	-0.9895709632128399	0.0475344157895322	0.0532292574699424	0.0406133473558750	0.9977560835022506	-0.9892809803426116	0.1382022604104704	0.0471516399481315
VID_20250228_065436_00_042.mp4.000053.0053.001272	-65.1420757616417347	-79.6777907087605115	20.6811616042012609	-62.5885476245455550	-81.5087833421374199	-153.4116584453734049	-0.1320422932599468	-0.9911951149336982	-0.0098527621623089	0.0660882532352338	-0.0187207701464554	0.9976381486037106	-0.9890385106632450	0.1310792771443926	0.0679782871829951
VID_20250228_065436_00_042.mp4.000053.0053.001284	-64.0432278165634443	-79.7837018649336187	20.6776794651301365	-48.1677169390075122	-83.4705594997885356	-139.7837093801749972	-0.0868332227447028	-0.9959117046361855	-0.0248971483591218	0.0734220927032417	-0.0313212288541328	0.9968089972136809	-0.9935135568933348	0.0847281369541096	0.0758416447437701
VID_20250228_065436_00_042.mp4.000054.0054.001296	-63.0176561566826479	-79.8843748382527536	20.6748154292056299	-66.5971967143161834	-83.1755334129583019	-155.3308730344016055	-0.1079829278723085	-0.9938469285364396	0.0246570461898631	0.0495961207668730	0.0193858107466992	0.9985812010780951	-0.9929148564167029	0.1090526156512462	0.0471976156878720
VID_20250228_065436_00_042.mp4.000054.0054.001308	-61.9349686967996931	-79.9349782928709942	20.6812638238494948	-72.4880053818148582	-83.1569659895519351	-160.4899274475242237	-0.1123084914888238	-0.9929885156457375	0.0368864546301212	0.0397927436808734	0.0325971120211920	0.9986761065722091	-0.9928762965696448	0.1136276202494493	0.0358528050031499
VID_20250228_065436_00_042.mp4.000055.0055.001320	-60.9146944665105678	-79.9933156726279009	20.6658952618472576	-53.0665701793219213	-80.4789285571282278	-142.5417341099054909	-0.1313021390425720	-0.9912175845441451	0.0157304918332455	0.1005998075134883	0.0024633064992258	0.9949239221414571	-0.9862248359330111	0.1322181236123157	0.0993928607966601
VID_20250228_065436_00_042.mp4.000055.0055.001332	-59.8986290613893146	-79.9886453102182742	20.7012107181765579	-30.3755102394341918	-84.6898595075787881	-117.8753000684607457	-0.0432701504713827	-0.9980334127592807	0.0453541739451552	0.0818083548183672	0.0417047146007235	0.9957751301684455	-0.9957083343831648	0.0467976900726487	0.0798429022754578
VID_20250228_065436_00_042.mp4.000056.0056.001344	-58.9487415747623942	-80.0581879030454928	20.6648523584554376	-51.7406764049454679	-80.1796610383459978	-141.3412221402848559	-0.1331863461009856	-0.9909913234457641	0.0140568156949352	0.1065451488204428	-0.0002154983408737	0.9943078420807587	-0.9853474151156527	0.1339259139064501	0.1056140194729076
VID_20250228_065436_00_042.mp4.000056.0056.001356	-57.9583933920336420	-80.0958456260133147	20.7119806190681928	-38.0618717454938107	-85.2765188530139824	-125.3859458284185280	-0.0476855697788611	-0.9976970728075187	0.0482352293057102	0.0671349842705051	0.0449796915725015	0.9967295125725143	-0.9966037228115618	0.0507678860831501	0.0648354950685491
