# Cameras (476)
# PhotoID, X, Y, Z, Omega, Phi, Kappa, r11, r12, r13, r21, r22, r23, r31, r32, r33
VID_20250107_103505_00_023.mp4.000000.0000	-6.3902189454613101	-7.9691333919543279	34.1245061485398864	90.3901718643851098	33.8840562991600933	-1.2477524855355926	0.8299706091110921	0.5575172859056317	-0.0179795419346873	0.0180774507771009	0.0053318444504036	0.9998223728283733	0.5575141198078881	-0.8301482080635814	-0.0056532171071555
VID_20250107_103505_00_023.mp4.000012.0000	-6.3821304807854862	-7.9418628904910147	34.1530681204844200	91.3787809971846627	36.3043975041102698	-3.1169297934106890	0.8046906575129220	0.5923363157465827	-0.0401327143261747	0.0438189599344709	0.0081577338272089	0.9990061812266561	0.5920750327970966	-0.8056495146318711	-0.0193911090901999
VID_20250107_103505_00_023.mp4.000024.0001	-6.3949045257020263	-7.8850687010316083	34.1530512025122945	90.6627204296829206	39.1513672883346899	-2.9499015613073265	0.7744530984685409	0.6310877407930811	-0.0441662958958764	0.0399083697018772	0.0209388620368061	0.9989839268398377	0.6313713014543940	-0.7754288023263574	-0.0089695162910831
VID_20250107_103505_00_023.mp4.000036.0001	-6.4723312725066959	-7.8767678350374517	34.1173693366726596	89.2080902292536422	48.0973905954905732	-1.4069776172875248	0.6676650956480673	0.7436463071778845	-0.0348351815547561	0.0163987421316455	0.0320901026884478	0.9993504423203831	0.7442811305614008	-0.6678026618172024	0.0092305774522787
VID_20250107_103505_00_023.mp4.000048.0002	-6.7362770168285442	-8.0453480899055290	34.0953565887668475	86.0963677435565415	70.2765856987259525	1.0295979453154169	0.3374254810252248	0.9402204529100929	-0.0461469899823983	-0.0060641461694880	0.0511920698315164	0.9986704151608783	0.9413327099841644	-0.3366970031287854	0.0229751430455653
VID_20250107_103505_00_023.mp4.000060.0002	-6.9969958907724141	-8.9211657833123823	34.0640626306783219	-69.9419562645562820	79.1061331753557226	159.2732375960190723	-0.1767586525747279	0.9840994942044232	-0.0174517691528748	-0.0668858968824183	0.0056800608757911	0.9977444631300554	0.9819789486227295	0.1775272441487393	0.0648183773844492
VID_20250107_103505_00_023.mp4.000072.0003	-6.8318724340045138	-10.3196676702690144	34.0297654689867954	-84.2778436242893605	47.1313761096945001	175.3472945843478499	-0.6780777456723117	0.7349479689656953	-0.0078774194477207	-0.0551846767500164	-0.0402211735134462	0.9976657299181916	0.7329155628556079	0.6769296419232955	0.0678309487597450
VID_20250107_103505_00_023.mp4.000084.0003	-6.5689020065266615	-11.7034606181145193	33.9428153186724657	-86.3588583108722645	9.4100772546632605	178.5233578515142199	-0.9862158026172202	0.1647517921556547	-0.0153374590324639	-0.0254226462503300	-0.0592812735928630	0.9979175415127440	0.1634994792826666	0.9845519679441549	0.0626525553476373
VID_20250107_103505_00_023.mp4.000096.0004	-5.8319226998357250	-12.6091615012063283	33.9198736979058211	-84.0934877492390598	-21.4875783691862203	-178.0566550228004132	-0.9299618254291202	-0.3676349670226687	-0.0039413534198382	0.0315543308932617	-0.0904906732209163	0.9953972886550900	-0.3662995051135308	0.9255571128149069	0.0957533470502002
VID_20250107_103505_00_023.mp4.000108.0004	-4.9429317765013288	-12.8165620365119803	34.0693088434204654	-88.4820903068753069	-51.3925696545069925	-179.5804584402112880	-0.6239642141555667	-0.7813383686050145	-0.0133795814165044	0.0045689857195078	-0.0207687732607109	0.9997738656449970	-0.7814395586497535	0.6237619832940287	0.0165288951348547
VID_20250107_103505_00_023.mp4.000120.0005	-4.5901643738878626	-12.8124635298225265	34.1092934088306805	-85.6086308334671600	-83.5495687972128280	-176.7210830573345390	-0.1121596797909332	-0.9935098544762625	-0.0189308026177338	0.0064256788523498	-0.0197757592576150	0.9997837916255053	-0.9936694203207032	0.1120137866708431	0.0086020180874658
VID_20250107_103505_00_023.mp4.000132.0005	-4.5895358346064015	-12.7124143422483193	34.0959066712795646	83.8840167218690311	-81.7951343208251274	-7.5680050903156761	0.1414698484888885	-0.9895899242902759	-0.0264208953613806	0.0187957083496404	-0.0239994265194390	0.9995352664485500	-0.9897641149870845	-0.1419007021473263	0.0152048483691782
VID_20250107_103505_00_023.mp4.000144.0006	-4.7167732826972095	-11.9993875310822080	34.0613738700299535	85.5887659760410884	-58.6442762347634883	-4.1915283701970063	0.5189580988963067	-0.8547679198500737	-0.0073684995154462	0.0380327555736591	0.0144776268632719	0.9991716107976061	-0.8539531609481902	-0.5188084439517017	0.0400224610813571
VID_20250107_103505_00_023.mp4.000156.0006	-5.2491480553026939	-10.7708809773058718	34.0456170433848655	87.5825037251132983	-35.4686848011288802	-1.2733542792206114	0.8142316593965013	-0.5805356710020368	0.0022670532933415	0.0180986472061835	0.0292870907484600	0.9994071769227985	-0.5802579114546619	-0.8137079334808692	0.0343533867990852
VID_20250107_103505_00_023.mp4.000168.0007	-5.7530334548878725	-9.5450675899196202	33.9226015230522648	87.8649420784924615	-8.5913807850155113	1.1490194461591421	0.9885800431581190	-0.1485058041159428	0.0256032109972368	-0.0198278128410868	0.0402412200560878	0.9989932442445928	-0.1493865994908200	-0.9880924401857727	0.0368371217699563
VID_20250107_103505_00_023.mp4.000180.0007	-6.3314774472598696	-8.5564014799843342	33.9892323209827723	86.5465413980311382	13.8059942429930391	2.5380395398313693	0.9701567017736529	0.2406355296696803	0.0298415124325208	-0.0430033048033458	0.0496304377474468	0.9978414380175780	0.2386350556386429	-0.9693458420551405	0.0584974248215451
VID_20250107_103505_00_023.mp4.000192.0008	-7.5532109354462591	-8.4148946933427631	33.9147465132921653	85.4916858282093131	40.2332974509240202	3.4992598733603764	0.7619974601494499	0.6475001296999532	0.0101711732033138	-0.0465958811824050	0.0391561718405476	0.9981460905416747	0.6459014588794663	-0.7610587206289261	0.0600077426007634
VID_20250107_103505_00_023.mp4.000204.0008	-9.4243578269683326	-9.0848946898007146	34.0204885781553088	74.5235575278115476	74.6478870354035848	20.0326169994151684	0.2487322654005969	0.9645314218441710	0.0883821046589709	-0.0906915289205490	-0.0676562971272533	0.9935782163680333	0.9643170156803933	-0.2551504688106437	0.0706465252858816
VID_20250107_103505_00_023.mp4.000216.0009	-10.2087284547498349	-9.6859621140792704	34.3893989360337571	-69.1030923494069924	71.7429908242646377	164.9718184662689282	-0.3025653092313026	0.9493391444047909	0.0849083185002851	-0.0812316560344821	-0.1144436815943159	0.9901030561517498	0.9496608087668260	0.2926735940325305	0.1117430787495124
VID_20250107_103505_00_023.mp4.000228.0009	-10.1332730576314631	-10.4020936437028517	34.4624427554554487	-88.5345801490626627	39.3652950212863644	-176.2526416391116868	-0.7714649239366754	0.6310278321250280	0.0815214463743603	0.0505287612404913	-0.0669589386984800	0.9964754612211356	0.6342623395905527	0.7728650435955562	0.0197714178843531
VID_20250107_103505_00_023.mp4.000240.0010	-10.0695178975151016	-11.0533821350414563	34.6079843799576210	-88.8283971948214486	24.5755037355378043	-178.2016053781180176	-0.9089660619344796	0.4149585837251857	0.0398757074434084	0.0285399157144797	-0.0334859383660872	0.9990316136853494	0.4158920189933134	0.9092238809691103	0.0185946985222862
VID_20250107_103505_00_023.mp4.000252.0010	-10.1298055643855278	-11.6645718379956875	34.7170106295036831	-88.8726858653740379	4.5008564638170920	-179.8592092762981167	-0.9969131510506182	0.0784102276777444	0.0040006821733404	0.0024496814197174	-0.0198668081612241	0.9997996344240317	0.0784739977525658	0.9967232043697035	0.0196134022474661
VID_20250107_103505_00_023.mp4.000264.0011	-9.9711659313188292	-11.7769058077638977	34.7074428592373323	-90.7532283328832534	-12.3719280430161955	-179.4944577576671065	-0.9767393484887135	-0.2141139390286411	0.0116389959826103	0.0086183628008767	0.0150357044515331	0.9998498144292868	-0.2142567827082172	0.9766929654222385	-0.0128406525627860
VID_20250107_103505_00_023.mp4.000276.0011	-9.5815282770866617	-11.6428034689388387	34.6817513538838824	-89.2333111271862123	-29.2213307560381317	-177.8614989557124204	-0.8721325658872350	-0.4883002420728731	0.0307841048354749	0.0325664988670018	0.0048435579908293	0.9994578345770948	-0.4881846071625915	0.8726622562810673	0.0116780046216571
VID_20250107_103505_00_023.mp4.000288.0012	-8.8443752848437960	-11.1023496968447333	34.6417031492012413	-88.6851350941264229	-47.2129630203819417	-177.0508678688946702	-0.6783756540717041	-0.7338992260543136	0.0346178849681439	0.0349482654018809	0.0148315665500648	0.9992790618136014	-0.7338835675420103	0.6790964221894783	0.0155871312710729
VID_20250107_103505_00_023.mp4.000300.0012	-8.0832313588319877	-10.7806043435016541	34.5835982518494589	-86.4196380083551645	-74.0275213349909222	-177.1029916864607117	-0.2748239185119574	-0.9614474548625425	-0.0095186843666876	0.0139075924665210	-0.0138738591758801	0.9998070288327411	-0.9613939841113623	0.2746385034366221	0.0171842877238005
VID_20250107_103505_00_023.mp4.000312.0013	-7.6264433518528332	-10.2018653527254131	34.5657060217668501	-81.5942965436552043	-83.3402820661996060	-172.0565417142774720	-0.1148596909869901	-0.9933564180395466	-0.0070907070179800	0.0160269059851731	-0.0089900815226490	0.9998311441032226	-0.9932524299849036	0.1147266541561190	0.0169530279073280
VID_20250107_103505_00_023.mp4.000324.0013	-7.5543877124834848	-10.1210346136161604	34.5716498381539594	44.8582984857562721	-87.4247947822751570	-46.5246931184745094	0.0309141892761742	-0.9992185829623108	-0.0246279589935655	0.0326048891771328	-0.0236184931989710	0.9991892153044675	-0.9989901071097471	-0.0316921163982783	0.0318492645920464
VID_20250107_103505_00_023.mp4.000336.0014	-7.6337500892153640	-10.2213838707978866	34.6424237243459601	89.9993720042505885	-82.9051858938612014	0.1584678212127142	0.1235111869500528	-0.9923392952345738	0.0027766583402524	-0.0003416062887186	0.0027555650082462	0.9999961450758845	-0.9923431211044559	-0.1235116593477502	0.0000013537610926
VID_20250107_103505_00_023.mp4.000348.0014	-7.7487692466511549	-10.3639149484925852	34.6765774008780951	-167.5367186219596078	-88.3933009474919515	104.0954389172130874	-0.0068284379829701	-0.9995736225956451	0.0283891783208305	-0.0271943132348718	0.0285649643536851	0.9992219533913157	-0.9996068435952190	0.0060511009322176	-0.0273777722817561
VID_20250107_103505_00_023.mp4.000360.0015	-7.7021730339390784	-10.5471869590085419	34.5900530188504334	-79.6867977726457184	-83.5732831943579981	-168.1899459811958479	-0.1095628700243833	-0.9936070008000326	0.0272232524358182	0.0229089415070850	0.0248566334251826	0.9994285007812174	-0.9937158335817363	0.1101239108274417	0.0200391205651514
VID_20250107_103505_00_023.mp4.000372.0015	-7.5198802093790347	-10.3614377835170721	34.7967487862063010	-90.9259327463362865	-69.8826745110010847	-178.1093065016559081	-0.3437564015938989	-0.9378233876025701	0.0481542316816902	0.0113476771334483	0.0471269833941089	0.9988244478685165	-0.9389902909971377	0.3438987366970271	-0.0055580852188236
VID_20250107_103505_00_023.mp4.000384.0016	-7.1271427609329097	-10.1697230628562032	34.6682105526435151	-86.1722737048667398	-68.4630278184824448	-173.7285843141118278	-0.3649046452672802	-0.9298441265096254	0.0472705009272422	0.0401015917381578	0.0350275791024566	0.9985814593924160	-0.9301808760678897	0.3662826355395152	0.0245065032144598
VID_20250107_103505_00_023.mp4.000396.0016	-5.9994591748451160	-10.6989760672087488	34.0064896339684282	-91.1741785917550516	-63.4899133635930539	-177.0750226598275390	-0.4457738462789816	-0.8924566634886287	0.0693309582249368	0.0227767611178701	0.0661185454783408	0.9975517816618887	-0.8948557968335584	0.4462616292474333	-0.0091466460959198
VID_20250107_103505_00_023.mp4.000408.0017	-5.1938134957048874	-11.1785249233457478	34.1085049189378680	-90.9381774328572732	-54.9637310569299729	-179.3933236192244465	-0.5740626724540336	-0.8184597745656772	0.0239926137141057	0.0060786899768541	0.0250410568819407	0.9996679423680651	-0.8187887991558622	0.5740178942229385	-0.0093999728066097
VID_20250107_103505_00_023.mp4.000420.0017	-5.0409939930287280	-11.4190758496932201	34.0427595656786295	-89.2424956753497014	-42.4727503824362813	179.6897358470505992	-0.7375877465967795	-0.6750989825068477	-0.0143415441464363	-0.0039941733277935	-0.0168765384262576	0.9998496032054897	-0.6752394854047806	0.7375340983771299	0.0097514655986285
VID_20250107_103505_00_023.mp4.000432.0018	-4.8168950251742784	-12.2992716147404444	34.0349506560942459	-87.6408348211415245	-59.2450383538417995	-176.7725631480762161	-0.5105564358578374	-0.8595893848011262	0.0209335936084519	0.0287897938859284	0.0072424726069112	0.9995592500490125	-0.8593621318001792	0.5109340819790353	0.0210497102139743
VID_20250107_103505_00_023.mp4.000444.0018	-4.1528508729485702	-12.7418905234362558	33.9916869324387392	-85.4552413783066953	-67.7891992634702376	-174.2817411417405538	-0.3761342605842076	-0.9261909823154323	0.0263302543160199	0.0376642537566761	0.0131101373432225	0.9992044476921602	-0.9257993421923159	0.3768267354851783	0.0299531203693235
VID_20250107_103505_00_023.mp4.000456.0019	-3.1151337189830937	-12.9704163831304449	34.0332082007286090	-82.6873770624087001	-76.8784591493305953	-172.4809066332998384	-0.2250654132847780	-0.9743192359137832	0.0068982803171462	0.0297067283547029	0.0002147946517008	0.9995586346751840	-0.9738906869014674	0.2251710025550349	0.0288954940249962
VID_20250107_103505_00_023.mp4.000468.0019	-1.6779171263316432	-13.2225574699469313	34.0146142688976454	-56.0912934707284805	-85.6508689033504140	-147.5036273037056560	-0.0639601448145907	-0.9976805899192789	-0.0232924960795629	0.0407414137459589	-0.0259312897601469	0.9988331719648464	-0.9971204727019085	0.0629365451045346	0.0423054867485018
VID_20250107_103505_00_023.mp4.000480.0020	-0.2865432783442992	-12.9722763177765525	33.9246717064747401	-76.5867434400305740	-85.9702052186519410	-165.1950935294179885	-0.0679421835934709	-0.9973799607622499	0.0248409653283485	0.0179573236858548	0.0236719594479114	0.9995584889649721	-0.9975276408273570	0.0683582636247411	0.0163019501783662
VID_20250107_103505_00_023.mp4.000492.0020	1.1721614121918029	-12.8399411512229733	33.9785720837553029	-45.7941640381699600	-85.9548827336781471	-135.6886013119132031	-0.0504765790584165	-0.9987204793639266	0.0030852983078164	0.0492776392131923	0.0005949440830214	0.9987849419745540	-0.9975088116102706	0.0505672833028120	0.0491845567148801
VID_20250107_103505_00_023.mp4.000504.0021	2.9655892871659661	-12.8908604132701043	33.9475980728682032	72.0812132251678008	-85.8084766887450030	-17.1561515603241972	0.0698384343908501	-0.9974796978205245	0.0125237980545264	0.0215600518418681	0.0140608063422092	0.9996686740563511	-0.9973253016174869	-0.0695452813703598	0.0224876986974349
VID_20250107_103505_00_023.mp4.000516.0021	4.6438584431905028	-12.7230197955144835	33.9625211750612550	24.6447076313648097	-87.4548559629872386	-65.8091681508435045	0.0181967804504931	-0.9998000652522192	-0.0082889506510311	0.0405070069589580	-0.0075463229783151	0.9991507570916084	-0.9990135432357581	-0.0185170875454440	0.0403615894182937
VID_20250107_103505_00_023.mp4.000528.0022	6.0033896610600275	-12.4730083381786727	33.9948875201081364	90.5063859405221365	-72.2009006683041292	-0.3458393478399812	0.3056747692867262	-0.9520263214644131	-0.0144505591741141	0.0018450861064163	-0.0145846821657148	0.9998919355127260	-0.9521341980407841	-0.3056683992254725	-0.0027015988174487
VID_20250107_103505_00_023.mp4.000540.0022	6.6754660454597756	-12.0064382594467443	34.0622808695900332	95.7257718634002259	-58.9235724899470341	6.0052424406722968	0.5133483693365339	-0.8579673442108928	0.0191177395951826	-0.0540025773891333	-0.0100624592397985	0.9984900943671794	-0.8564795230096587	-0.5136056689540672	-0.0514979949453631
VID_20250107_103505_00_023.mp4.000552.0023	6.6684811124610599	-11.7700123196921815	34.0480703369124953	94.1793571581991529	-6.0643076043215389	0.8053505275989689	0.9943057169808255	-0.1063776426229084	0.0063196779379716	-0.0139768998845845	-0.0713907297970863	0.9973504950460776	-0.1056446281117182	-0.9917596285638131	-0.0724710404375754
VID_20250107_103505_00_023.mp4.000564.0023	5.9942280307362692	-11.8259581773246829	33.9805593781577286	92.3013340892605214	36.0020794097078891	-0.8175172828770901	0.8089133127858004	0.5878536589102540	0.0093449507076807	0.0115426563715975	-0.0317708641179277	0.9994285263474761	0.5878146131917690	-0.8083431745855392	-0.0324852677252881
VID_20250107_103505_00_023.mp4.000576.0024	4.5188028373856595	-12.1697976692486449	33.9516386330280255	91.7543817669869384	65.0401318883189532	0.4169217340320298	0.4219721778049836	0.9059318490980600	0.0350280737165115	-0.0030706009898566	-0.0372080359253129	0.9993028237086806	0.9066035807165559	-0.4217855460448484	-0.0129190007186674
VID_20250107_103505_00_023.mp4.000588.0024	2.7952541154309030	-12.2188033077483684	33.8454183436749716	38.5822541694935168	87.3294586918679698	50.0853437131184620	0.0298961179798112	0.9992950366316155	-0.0227079698158109	-0.0357367753981686	0.0237721928521451	0.9990784582459686	0.9989139627685050	-0.0290570578417536	0.0364222785627551
VID_20250107_103505_00_023.mp4.000600.0025	1.1132442230542483	-12.4038626635915836	33.8838462761045847	-56.1949362504146706	84.5699616961271232	146.0383039384235531	-0.0784873840115469	0.9969035293748019	-0.0048045469180776	-0.0528640998511749	0.0006506776767569	0.9986015038870543	0.9955124898754155	0.0786316077581086	0.0526493377301743
VID_20250107_103505_00_023.mp4.000612.0025	-0.4536340323796106	-12.4799075612941799	33.8957592425042762	-12.6489035576106890	87.3265358233917794	102.9506792319802031	-0.0104534507487052	0.9999327152629612	0.0050289476320937	-0.0454573594557587	-0.0054992292697332	0.9989511434243166	0.9989115845953307	0.0102138838979522	0.0455117867916076
VID_20250107_103505_00_023.mp4.000624.0026	-2.2572213855025223	-12.5013640194798548	33.9188243883865539	-53.5868273387658931	83.4761520288327858	143.1040441848970204	-0.0908623900097160	0.9957970552029021	-0.0115000404760595	-0.0682113837505187	0.0052975096735683	0.9976568265280895	0.9935246515354121	0.0914339173419099	0.0674433506800410
VID_20250107_103505_00_023.mp4.000636.0026	-3.7439000327523733	-12.5817215993048421	33.9003154890859406	61.3688527741991834	79.9857332338464317	29.8719913389186829	0.1507899724351756	0.9881696166798880	0.0279855834979773	-0.0866100213242927	-0.0149947343578758	0.9961294404582886	0.9847644837316204	-0.1526301628521045	0.0833243359921661
VID_20250107_103505_00_023.mp4.000648.0027	-4.9589764009789778	-11.9859006282670304	33.8606156377770162	79.4746692572722395	62.6043808180297887	9.6862106211751495	0.4535722567651185	0.8912022283528553	0.0055494208619085	-0.0774181795550540	0.0331967761057614	0.9964458838946377	0.8878505692780623	-0.4523898343631178	0.0840523907901016
VID_20250107_103505_00_023.mp4.000660.0027	-5.5165371020105027	-11.3875171302174962	33.8973011135800633	84.7428495174080609	26.0147878594461588	1.2176368609068697	0.8984779426574313	0.4386065658491121	-0.0190175432724220	-0.0190971237497845	0.0823240182348767	0.9964226291519828	0.4386031080858358	-0.8949005734804913	0.0823424384004537
VID_20250107_103505_00_023.mp4.000672.0028	-5.4683749068445717	-10.7552468053063492	33.8874409854346652	86.7834551661789817	1.3697523990756957	-1.5697376824075209	0.9993390791273579	0.0223207431855910	-0.0286912765928521	0.0273858359258312	0.0567425553366560	0.9980131754663917	0.0239044121351707	-0.9981393023208281	0.0560937807868435
VID_20250107_103505_00_023.mp4.000684.0028	-5.1399389985449089	-10.0099826712345923	33.9109455706683036	85.8460922218027207	-15.9154474615515316	-3.3806759505609598	0.9599938934064340	-0.2772937231755763	-0.0389860963650256	0.0567092345688489	0.0561817153652592	0.9968087467379250	-0.2742185029077570	-0.9591411814462165	0.0696592184637812
VID_20250107_103505_00_023.mp4.000696.0029	-4.6916409826441248	-9.5072002536517086	33.8474755172904835	80.1736192378559736	-50.1762001444706058	-7.4471241090580662	0.6350266952281803	-0.7724868945259888	0.0022570186463629	0.0830067255415349	0.0711403367652304	0.9940065070208557	-0.7680175648137537	-0.6310333194614403	0.1092976205917957
VID_20250107_103505_00_023.mp4.000708.0029	-4.0517145276848732	-9.4952410874233841	33.8638304045343688	65.9845218990916322	-76.1644203863936440	-24.5503687732480138	0.2175176612238914	-0.9758498929752739	-0.0200761907700393	0.0993595356491154	0.0016761147999745	0.9950501863296997	-0.9709859678343867	-0.2184357503233477	0.0973245768004956
VID_20250107_103505_00_023.mp4.000720.0030	-3.0865464699680181	-9.5228073277268965	33.9088262939309644	45.0940204778078666	-81.2642128530402914	-47.2848122334832865	0.1030272586131720	-0.9935645717960473	-0.0470619342398083	0.1115902051795788	-0.0354696295164589	0.9931211061547049	-0.9883992159500302	-0.1075701959359682	0.1072177357327759
VID_20250107_103505_00_023.mp4.000732.0030	-1.8092972817189681	-9.2149610492374840	33.9664915233562894	-31.2381532891140949	-86.3338766802015414	-116.9478460180150563	-0.0289773108553542	-0.9967168640766335	0.0756029650267382	0.0569993800310548	0.0738640074881297	0.9956380763479616	-0.9979535991876916	0.0331602361727957	0.0546718630128600
VID_20250107_103505_00_023.mp4.000744.0031	-0.3963752035145114	-9.0116443415570870	33.7977683900551540	79.4704084046452266	-77.6227786401221209	-8.1700182403258381	0.2121715564272426	-0.9765330083437795	0.0369663936338109	0.0304610661675959	0.0444180681259455	0.9985485259474838	-0.9767575718115398	-0.2107375591559493	0.0391704872297747
VID_20250107_103505_00_023.mp4.000756.0031	0.9894987646108477	-8.3983648864815166	33.8078978382975350	86.8847354043687119	-55.7416077180783702	1.9907221896224594	0.5625862492327179	-0.8229000129639208	0.0795756296754293	-0.0195547354958814	0.0829805465656175	0.9963592932327967	-0.8265073045617617	-0.5620941180582220	0.0305921223585650
VID_20250107_103505_00_023.mp4.000768.0032	2.2399288950397054	-7.5275013614069355	33.8051671707756611	84.4518235780091402	-41.9007987810678983	-1.3582612022332268	0.7440931037495072	-0.6668192469553107	0.0409578422573471	0.0176428730178809	0.0808991922549714	0.9965661291274998	-0.6678429321210941	-0.7408153701040807	0.0719611383557409
VID_20250107_103505_00_023.mp4.000780.0032	3.1478211717492464	-6.4663305705365488	33.7624860143708148	84.5679187209407814	-17.6703841685345537	-1.1084703206437303	0.9526401993148048	-0.3039522134713639	0.0094711443504935	0.0184325121506588	0.0888023241745229	0.9958787023111897	-0.3035405955473917	-0.9485395084797795	0.0901992666692660
VID_20250107_103505_00_023.mp4.000792.0033	3.0841599800293649	-5.2478426200700632	33.7357059193928137	87.0631841244256606	-7.7047288311892119	2.4356929747821847	0.9900768435719970	-0.1315935566802434	0.0493049659036003	-0.0421143924377245	0.0568785226255939	0.9974924619331876	-0.1340679744462224	-0.9896706368808632	0.0507721254598787
VID_20250107_103505_00_023.mp4.000804.0033	3.1105314384169400	-4.3099629618537678	33.5462264891331898	86.5297259377658179	-3.6404655668817032	1.6200706303961014	0.9975832126524774	-0.0616422928387869	0.0320618397404073	-0.0282147502875085	0.0622983243985916	0.9976586824377072	-0.0634953675489469	-0.9961521703588793	0.0604085406968171
VID_20250107_103505_00_023.mp4.000816.0034	3.2538776296050562	-3.3755180497261490	33.0217944207128085	84.6821007141566326	-0.4961895716058213	0.4354936178488200	0.9999336163678108	-0.0079180621741754	0.0083706122236170	-0.0076004392994057	0.0927445108136506	0.9956609307572499	-0.0086600334900234	-0.9956584554983414	0.0926781733452336
VID_20250107_103505_00_023.mp4.000828.0034	3.2432677887530632	-2.6318507338409605	32.5426193010809399	86.1439884042072919	-2.8260005256795133	-0.1866427600349390	0.9987785674338150	-0.0494102110332338	0.0000654255894353	0.0032535633419628	0.0670887070485686	0.9977417099190209	-0.0493030177619616	-0.9965228228355851	0.0671675219682928
VID_20250107_103505_00_023.mp4.000840.0035	3.2387425851276097	-1.8445118719669216	31.9823290370977062	85.3771732346094154	-0.2548266741175668	2.2385950545965150	0.9992269484115596	-0.0012815431646360	0.0392920248299817	-0.0390605282695836	0.0807076886983130	0.9959721603118623	-0.0044475498225199	-0.9967369896979312	0.0805952397383542
VID_20250107_103505_00_023.mp4.000852.0035	3.1863727977190290	-1.1109367589528860	31.5448229165087710	86.2717465556750227	-3.2793127331559959	0.8622121683086846	0.9982494954083022	-0.0560975577244475	0.0187352324357761	-0.0150232328711186	0.0658759959641002	0.9977147165547067	-0.0572035610007842	-0.9962496761219500	0.0649179130574871
VID_20250107_103505_00_023.mp4.000864.0036	3.2631194948846414	-0.3262384545710875	30.9943876375393685	85.5619621910038006	1.1340230042553585	-0.8643017862535801	0.9996903833066199	0.0185623158536273	-0.0165703939124545	0.0150813853238409	0.0776697767135730	0.9968650648919231	0.0197911429932069	-0.9968063233223464	0.0773657834162400
VID_20250107_103505_00_023.mp4.000876.0036	3.1334474038256905	0.4162279828909465	30.5848058283633506	87.2297976415665062	-0.3729179413362640	-2.8479075546390762	0.9987437877240575	-0.0088942518842314	-0.0493126633434370	0.0496838465613529	0.0479476252039500	0.9976134224378547	-0.0065085999624528	-0.9988102510090302	0.0483292934544604
VID_20250107_103505_00_023.mp4.000888.0037	2.9700493872398068	1.1769108847436565	29.9644077962148998	87.2063538178595934	5.0443315031133142	0.5365233322885170	0.9960832917882139	0.0882745464335394	0.0050675706516161	-0.0093276948588264	0.0479145080740670	0.9988078864449567	0.0879265029952681	-0.9949431161468345	0.0485502389597625
VID_20250107_103505_00_023.mp4.000900.0037	2.6367179017692521	1.9758281592660181	29.5314492719700468	90.5032750594260023	9.6995824352665991	-1.8182058769276948	0.9852084233229987	0.1686695657948300	-0.0302479782463995	0.0312747867682107	-0.0034338151477984	0.9995049257638174	0.1684821958724838	-0.9856666710851669	-0.0086581283122655
VID_20250107_103505_00_023.mp4.000912.0038	2.2520296063137266	2.7471059543138132	29.0821421468254755	97.2320602507082015	20.8029200570355002	-2.1643694728079992	0.9341406812851583	0.3568321379259976	0.0072119977303425	0.0353043075963737	-0.1124923494246980	0.9930252147785841	0.3551546049725966	-0.9273706360803506	-0.1176813914885668
VID_20250107_103505_00_023.mp4.000924.0038	1.5917527238083209	3.2430702865199716	29.0819937320103108	93.9560395397786294	32.0924355593523956	-3.3100005282326364	0.8457787468398608	0.5331200457353820	-0.0210078135249593	0.0489154120287713	-0.0382734832563015	0.9980693477637141	0.5312867341276748	-0.8451734480652678	-0.0584486854036546
VID_20250107_103505_00_023.mp4.000936.0039	0.8115492207386859	3.2690885232012441	29.1113461032215710	94.9878119144977973	38.0005233694643749	-4.1851658543186998	0.7859038396649055	0.6180469063293719	-0.0193177735945834	0.0575086027785610	-0.0419506392412454	0.9974632346476280	0.6156686734002439	-0.7850211242023646	-0.0685121824907066
VID_20250107_103505_00_023.mp4.000948.0039	-0.1583208402347402	3.3490408940209218	28.9906956449094650	92.3955091037437910	61.6346380515410175	-1.4504140757859334	0.4749401152138986	0.8799432671799614	0.0114775217387808	0.0120254409278924	-0.0195306531266586	0.9997369365782863	0.8799359497890167	-0.4746771535824127	-0.0198575964255476
VID_20250107_103505_00_023.mp4.000960.0040	-1.0761200398935302	2.9233329126827297	28.9822654299992806	-118.6643995738356665	81.6423015718184786	-149.7029726016144195	-0.1255005990095403	0.9915482292926445	0.0328893392282068	0.0733278945239990	-0.0237898355175330	0.9970241038263450	0.9893799166816174	0.1275388282550464	-0.0697225053652408
VID_20250107_103505_00_023.mp4.000972.0040	-1.5422616866980774	1.9001071607856117	29.0273927189770902	-101.7222221096470633	61.2431329740996944	-169.3262527748821640	-0.4727698445414907	0.8811632479060801	0.0063249214874819	0.0891064529990971	0.0406648086920706	0.9951916465525410	0.8766691018429555	0.4710601913488825	-0.0977424268177347
VID_20250107_103505_00_023.mp4.000984.0041	-1.8740060112256214	0.8407773087016484	28.9715552432611645	-94.2123847997314954	36.7375745991318112	-175.8449887226404940	-0.7992772537986026	0.6002892044683459	0.0284383993734661	0.0580643107333095	0.0300387184103739	0.9978608175569017	0.5981508232705444	0.7992187099880876	-0.0588646432567747
VID_20250107_103505_00_023.mp4.000996.0041	-2.1022495367847354	0.0547549578711566	28.8683612632417166	-91.0643389095496048	17.0713267745099131	-178.3434747645536618	-0.9555405411784597	0.2939256231979224	0.0234521255345767	0.0276341158056144	0.0100826229636253	0.9995672545445932	0.2935619692807953	0.9557751141047179	-0.0177567297128493
VID_20250107_103505_00_023.mp4.001008.0042	-1.8505435895253650	-0.6573502531627646	28.3973194349289386	-92.7997817154116689	6.7318767255245753	179.8002215002663604	-0.9930995486792999	0.1169123194856980	-0.0092084724816417	-0.0034627461855264	0.0492539121500824	0.9987802869133767	0.1172232732942809	0.9919201387664162	-0.0485092002385960
VID_20250107_103505_00_023.mp4.001020.0042	-1.6969011723587994	-1.4379679458125532	28.1311661943505769	-90.5172657220405910	-0.4592913652454069	-178.7270050649553923	-0.9997210702348605	-0.0078131914465449	0.0222875698066272	0.0222154113025180	0.0092037177155540	0.9997108417341850	-0.0080160606987216	0.9999271201540801	-0.0090275772631625
VID_20250107_103505_00_023.mp4.001032.0043	-1.7293214014928020	-2.2182390530428693	27.5773672689756921	-90.1210040115162485	-4.4299915762088107	-179.5585281574738588	-0.9969828611825905	-0.0772221890529913	0.0078681653541301	0.0076820417643713	0.0027069988694257	0.9999668286455566	-0.0772409266031054	0.9970102334855873	-0.0021056073966162
VID_20250107_103505_00_023.mp4.001044.0043	-1.6887977150924962	-2.9598419344213474	27.0476334749255685	-91.8966896982238524	-1.9951523071580550	-179.6805051144459640	-0.9993782384775678	-0.0346107666682429	0.0067254210358994	0.0055728283675821	0.0332909488738778	0.9994301657980227	-0.0348149399174998	0.9988462381937040	-0.0330773699805101
VID_20250107_103505_00_023.mp4.001056.0044	-1.7680338631645642	-3.7576255865392909	26.3965591470257195	-93.4018363482357898	-3.0360268738841492	-179.7984575024567562	-0.9985902511468121	-0.0526614913371257	0.0066541449260524	0.0035126357479449	0.0595239763454271	0.9982206958534431	-0.0529638716924033	0.9968368289595742	-0.0592550818510256
VID_20250107_103505_00_023.mp4.001068.0044	-1.8448295636225589	-4.4949634431380501	25.9133559502892652	-94.8074487159542940	0.9700695753227165	179.8286840938889100	-0.9998522061142692	0.0166198772556005	-0.0043983642912194	-0.0029895936242760	0.0838574599536246	0.9964732754771142	0.0169300991843283	0.9963391521415463	-0.0837953796546905
VID_20250107_103505_00_023.mp4.001080.0045	-1.9160131050850806	-5.2574720608432184	25.3701845971127398	-95.4587344033959937	3.5684467727501108	-179.1253809536599135	-0.9979448746229301	0.0634034894753345	0.0092749520848352	0.0152347939612508	0.0941719791550720	0.9954393700246015	0.0622408890262911	0.9935349192979419	-0.0949443830294821
VID_20250107_103505_00_023.mp4.001092.0045	-1.8955349612523877	-6.1527440132130824	24.9121936349730930	-93.1175722188311141	4.7804896727898791	177.9020641917298633	-0.9958533404289028	0.0811684853204044	-0.0410828595327462	-0.0364803585418995	0.0573949178115456	0.9976848234036944	0.0833385132891782	0.9950464815274700	-0.0541958651794791
VID_20250107_103505_00_023.mp4.001104.0046	-1.9156066445901854	-7.0358272145388767	24.3924809199739556	-95.6109144414726160	9.2647525718942738	-177.0508475748066246	-0.9856478101680106	0.1650434844405790	0.0354829896530435	0.0507785303254197	0.0893994466963652	0.9947005980637464	0.1609966930374538	0.9822262403204755	-0.0964970344461832
VID_20250107_103505_00_023.mp4.001116.0046	-2.3501917435734416	-7.7862333439637395	24.1788625555796202	-95.5251475673288155	35.2547447909417357	-177.2554633209799988	-0.8156570893674290	0.5784823835852467	-0.0078513977218065	0.0391008651329484	0.0686619831910097	0.9968734395148328	0.5772128159617642	0.8127998916989405	-0.0786237950221275
VID_20250107_103505_00_023.mp4.001128.0047	-3.2992623834104444	-8.2890276631355295	24.2271354512347017	-99.1927774310464372	48.8253749795816603	-175.1522151597738741	-0.6560010473497933	0.7538819110806134	-0.0363962913140401	0.0556369503021010	0.0963918455334522	0.9937872719429129	0.7527065534702461	0.6499005125864246	-0.1051768420463685
VID_20250107_103505_00_023.mp4.001140.0047	-4.3047841744129727	-8.9024519077892101	24.2223511087910808	-102.4521130625718399	64.8151519183987688	-168.3849372775877669	-0.4168259368283804	0.9089698735784875	0.0054687579807346	0.0856762814742605	0.0332975727626952	0.9957664617975727	0.9049396185270522	0.4155298311491266	-0.0917564507012555
VID_20250107_103505_00_023.mp4.001152.0048	-5.4028255903135580	-9.1208848228029353	24.2260848295671849	-107.7673696835495889	74.1381155077250753	-164.5104401267666958	-0.2633921715548010	0.9642663517683422	-0.0285476235616610	0.0729934314429901	0.0494286463891016	0.9961068054592936	0.9619233456621292	0.2602829455871308	-0.0834042283500243
VID_20250107_103505_00_023.mp4.001164.0048	-6.4731864413167113	-9.0671874991989707	24.2650734714831486	-114.6853094461128393	76.0975091644442188	-156.1806214917144757	-0.2198047750142364	0.9755360009516415	-0.0039206795610189	0.0970342738567396	0.0258621487351084	0.9949449728301054	0.9707060371595702	0.2183132156102381	-0.1003450512575554
VID_20250107_103505_00_023.mp4.001176.0049	-7.1799379412171325	-9.0303661978389904	24.2855011987835567	115.3033852808181194	70.1619306717346660	-24.5202853316742733	0.3087573416867562	0.9510942963426069	-0.0094097512767045	0.1408408658382787	-0.0359331691422017	0.9893799360535479	0.9406554919121305	-0.3068035964912399	-0.1450475739734680
VID_20250107_103505_00_023.mp4.001188.0049	-7.2676296966795721	-8.6610387987578292	24.2519568235517156	96.6356141185711408	35.6153461024799753	-5.1884696896798079	0.8096138702123440	0.5865194689537976	-0.0228099473463976	0.0735163595111161	-0.0627715663885571	0.9953165704123285	0.5823407301949799	-0.8074990049475497	-0.0939395069430070
VID_20250107_103505_00_023.mp4.001200.0050	-6.9751463400918965	-8.4968683634455466	24.2169355321928279	92.3025664898635085	-11.8743220001511176	-0.5514480111909257	0.9785559756172573	-0.2052032955720528	-0.0178832343307096	0.0094184844680899	-0.0421534682331923	0.9990667531582853	-0.2057656305948172	-0.9778111743083540	-0.0393168241804364
VID_20250107_103505_00_023.mp4.001212.0050	-6.1687141874899103	-8.6000565599317191	24.1724698848159747	90.3650240280644397	-44.3705897392497519	-2.2627565348712873	0.7142743514378445	-0.6984855279629133	-0.0439331094326103	0.0282231911574512	-0.0339751252972916	0.9990240949756536	-0.6992965053244133	-0.7148172200551720	-0.0045540700103320
VID_20250107_103505_00_023.mp4.001224.0051	-5.0079146321581858	-8.6572179993503759	24.1650125696553744	91.9509271613076891	-59.7769221955791892	-0.6331359813141465	0.5033372889503728	-0.8631423570757124	-0.0404579408011857	0.0055622582154496	-0.0435839784605227	0.9990342827476431	-0.8640721236306805	-0.5030762449602805	-0.0171364208932436
VID_20250107_103505_00_023.mp4.001236.0051	-3.7050436612355617	-8.4899738605486625	24.2228070180942865	102.5469307872164819	-79.2783881452895116	11.7235754497949056	0.1821563722639141	-0.9832118264848062	-0.0106564677103748	-0.0378009440330979	-0.0178322088040070	0.9991261686891089	-0.9825426935629094	-0.1815943737828415	-0.0404145856908225
VID_20250107_103505_00_023.mp4.001248.0052	-2.1181785519240863	-8.6495382517121016	24.1348662167753005	98.6423225064095561	-81.0919611807117775	7.1232306415074937	0.1536538348286683	-0.9878156903249871	-0.0247115558031856	-0.0192018656986046	-0.0279887810895407	0.9994237922357138	-0.9879381495802950	-0.1530907903202915	-0.0232684877671829
VID_20250107_103505_00_023.mp4.001260.0052	-0.4769801195201091	-8.5889373884510416	24.0967272786014490	104.5481122790833410	-84.4266670585894730	14.0280691347209689	0.0942232912343440	-0.9955195512788055	-0.0079242924361816	-0.0235415404008829	-0.0101854820677930	0.9996709717855174	-0.9952727099968740	-0.0940057390625312	-0.0243957733795343
VID_20250107_103505_00_023.mp4.001272.0053	1.1360586329825937	-8.6682229319044168	24.0598962236866356	134.1349313985581944	-87.4776755511491046	43.5187968225737194	0.0319128055882185	-0.9994379521685008	-0.0102641416943712	-0.0303040256021902	-0.0112321793669899	0.9994776156467787	-0.9990311501008320	-0.0315850900252209	-0.0306454436467857
VID_20250107_103505_00_023.mp4.001284.0053	2.8513152470139760	-8.7801176352494092	24.0812435241297251	119.0569314288812848	-85.2817849313974108	28.3403564385141067	0.0723964863525395	-0.9973146323579649	-0.0110577053905547	-0.0390472931453225	-0.0139124482335273	0.9991405069769583	-0.9966112871435031	-0.0719024886137274	-0.0399496491764696
VID_20250107_103505_00_023.mp4.001296.0054	4.3415429063226236	-8.6928092532599361	24.1473043428622063	-142.6408410884627358	-87.6203441852858447	125.5730727048085669	-0.0241543943742956	-0.9992097392646651	-0.0315667893687607	-0.0337720224527903	-0.0307424053954337	0.9989566331978339	-0.9991376360301215	0.0251952668004036	-0.0330027695655575
VID_20250107_103505_00_023.mp4.001308.0054	5.6803690104364586	-8.8321461616023207	24.1504288275848609	130.2344514573824483	-82.0004802961034613	39.7827061828368542	0.1069449054698621	-0.9942602569548183	-0.0030542812871723	-0.0890484626135157	-0.0126377193197045	0.9959471167469515	-0.9902692353598650	-0.1062394912004727	-0.0898888870175461
VID_20250107_103505_00_023.mp4.001320.0055	6.8146273603779166	-8.7557527905627719	24.1157044643170337	103.0256300212659397	-77.2800314754802287	11.7580371701970545	0.2155659915638022	-0.9763463512558885	-0.0167064559505635	-0.0448693384296264	-0.0269943544807882	0.9986280825688079	-0.9754578646717669	-0.2145206451963980	-0.0496270796493073
VID_20250107_103505_00_023.mp4.001332.0055	7.4530630562834341	-8.5513176219157927	24.1265376816167247	95.8615154323480425	-48.8876614835961405	3.2881028539911177	0.6564550362407934	-0.7541063308145857	-0.0197592312467325	-0.0377141985008742	-0.0589683961640229	0.9975471755687949	-0.7534218105586910	-0.6540996637204501	-0.0671506164920220
VID_20250107_103505_00_023.mp4.001344.0056	7.2968655271991087	-8.3308380786804044	24.0731064839499993	91.9519808321343675	-4.4689453027114565	-1.4882500840063055	0.9966234104137763	-0.0769626113310968	-0.0286100379641864	0.0258929811413523	-0.0360729394883773	0.9990136618506685	-0.0779187483397109	-0.9963812018970285	-0.0339583445327710
VID_20250107_103505_00_023.mp4.001356.0056	6.3424965900528028	-8.3393110174194440	24.0717047141865308	93.3481187036874900	22.1063952834457353	-0.6776578199814257	0.9264218307104708	0.3763497870841115	0.0101700218683995	0.0109576355987612	-0.0539550968281307	0.9984832385915910	0.3763276787656528	-0.9249052304360763	-0.0541090834042168
VID_20250107_103505_00_023.mp4.001368.0057	5.3419384120537323	-8.1633462715167404	24.0385219432934178	92.9984897757404525	40.6511560711962119	-3.2601395169991640	0.7574621192455249	0.6524819425963507	-0.0227695519009801	0.0431462962843718	-0.0152279763169854	0.9989527045131972	0.6514518670055522	-0.7576512544191967	-0.0396867944283495
VID_20250107_103505_00_023.mp4.001380.0057	4.4364854102081397	-7.6056629986851654	24.0608894677777201	100.0127709073295108	55.8831783008723022	-10.1928159743569893	0.5520301329819033	0.8331868916838958	-0.0325934933094099	0.0992544427269388	-0.0268495612997771	0.9946997821739857	0.8278956986716064	-0.5523393020455249	-0.0975192675162973
VID_20250107_103505_00_023.mp4.001392.0058	3.5481959149877502	-7.1503653747692981	24.0559750906338863	92.0419468727463368	41.8965911299016227	-2.6396640707450598	0.7435614672762685	0.6682970850588743	-0.0222564706046302	0.0342807506516788	-0.0048581969583184	0.9994004342890150	0.6677882707241274	-0.7438786218356634	-0.0265220937927915
