# boujou export: text
# Creation date : Fri Jan 10 14:16:21 2025
# The image sequence file name was 
# boujou frame 0 is image sequence file 1
# boujou frame 475 is image sequence file 476
# One boujou frame for every image sequence frame
# Exporting camera data for boujou frames 0 to 475
# First boujou frame indexed to animation frame 1
#The Camera (One line per time frame)
#Image Size 3840 1920
#Line Format: Camera Rotation Matrix (9 numbers - 1st row, 2nd row, 3rd row) Camera Translation (3 numbers) Focal Length (mm)
#rotation applied before translation
#R(0,0)	R(0,1)	R(0,2)	R(1,0)	R(1,1)	R(1,2)	R(2,0)	R(2,1)	R(2,2)	Tx	Ty	Tz	F(pix)
8.2997060911109211e-01	5.5751728590563165e-01	-1.7979541934687288e-02	-1.8077450777100892e-02	-5.3318444504035639e-03	-9.9982237282837327e-01	-5.5751411980788812e-01	8.3014820806358136e-01	5.6532171071554966e-03	-6.3902189454613101e+00	-7.9691333919543279e+00	3.4124506148539886e+01	6.1115498147287815e+02
8.0469065751292201e-01	5.9233631574658274e-01	-4.0132714326174684e-02	-4.3818959934470908e-02	-8.1577338272088920e-03	-9.9900618122665608e-01	-5.9207503279709661e-01	8.0564951463187107e-01	1.9391109090199858e-02	-6.3821304807854862e+00	-7.9418628904910147e+00	3.4153068120484420e+01	6.1115498147287815e+02
7.7445309846854093e-01	6.3108774079308105e-01	-4.4166295895876409e-02	-3.9908369701877174e-02	-2.0938862036806071e-02	-9.9898392683983772e-01	-6.3137130145439402e-01	7.7542880232635736e-01	8.9695162910830538e-03	-6.3949045257020263e+00	-7.8850687010316083e+00	3.4153051202512295e+01	6.1115498147287815e+02
6.6766509564806731e-01	7.4364630717788449e-01	-3.4835181554756102e-02	-1.6398742131645456e-02	-3.2090102688447836e-02	-9.9935044232038306e-01	-7.4428113056140077e-01	6.6780266181720238e-01	-9.2305774522787251e-03	-6.4723312725066959e+00	-7.8767678350374517e+00	3.4117369336672660e+01	6.1115498147287815e+02
3.3742548102522479e-01	9.4022045291009293e-01	-4.6146989982398308e-02	6.0641461694879786e-03	-5.1192069831516369e-02	-9.9867041516087829e-01	-9.4133270998416441e-01	3.3669700312878537e-01	-2.2975143045565308e-02	-6.7362770168285442e+00	-8.0453480899055290e+00	3.4095356588766847e+01	6.1115498147287815e+02
-1.7675865257472795e-01	9.8409949420442322e-01	-1.7451769152874795e-02	6.6885896882418319e-02	-5.6800608757910740e-03	-9.9774446313005538e-01	-9.8197894862272950e-01	-1.7752724414873927e-01	-6.4818377384449191e-02	-6.9969958907724141e+00	-8.9211657833123823e+00	3.4064062630678322e+01	6.1115498147287815e+02
-6.7807774567231172e-01	7.3494796896569525e-01	-7.8774194477206818e-03	5.5184676750016398e-02	4.0221173513446215e-02	-9.9766572991819158e-01	-7.3291556285560788e-01	-6.7692964192329552e-01	-6.7830948759744977e-02	-6.8318724340045138e+00	-1.0319667670269014e+01	3.4029765468986795e+01	6.1115498147287815e+02
-9.8621580261722019e-01	1.6475179215565466e-01	-1.5337459032463904e-02	2.5422646250330014e-02	5.9281273592863039e-02	-9.9791754151274403e-01	-1.6349947928266662e-01	-9.8455196794415489e-01	-6.2652555347637293e-02	-6.5689020065266615e+00	-1.1703460618114519e+01	3.3942815318672466e+01	6.1115498147287815e+02
-9.2996182542912020e-01	-3.6763496702266873e-01	-3.9413534198381606e-03	-3.1554330893261748e-02	9.0490673220916307e-02	-9.9539728865509003e-01	3.6629950511353077e-01	-9.2555711281490693e-01	-9.5753347050200249e-02	-5.8319226998357250e+00	-1.2609161501206328e+01	3.3919873697905821e+01	6.1115498147287815e+02
-6.2396421415556669e-01	-7.8133836860501449e-01	-1.3379581416504426e-02	-4.5689857195077618e-03	2.0768773260710860e-02	-9.9977386564499704e-01	7.8143955864975345e-01	-6.2376198329402865e-01	-1.6528895134854654e-02	-4.9429317765013288e+00	-1.2816562036511980e+01	3.4069308843420465e+01	6.1115498147287815e+02
-1.1215967979093316e-01	-9.9350985447626250e-01	-1.8930802617733777e-02	-6.4256788523497964e-03	1.9775759257615023e-02	-9.9978379162550535e-01	9.9366942032070316e-01	-1.1201378667084311e-01	-8.6020180874657945e-03	-4.5901643738878626e+00	-1.2812463529822526e+01	3.4109293408830681e+01	6.1115498147287815e+02
1.4146984848888849e-01	-9.8958992429027592e-01	-2.6420895361380564e-02	-1.8795708349640419e-02	2.3999426519438965e-02	-9.9953526644854995e-01	9.8976411498708450e-01	1.4190070214732625e-01	-1.5204848369178214e-02	-4.5895358346064015e+00	-1.2712414342248319e+01	3.4095906671279565e+01	6.1115498147287815e+02
5.1895809889630673e-01	-8.5476791985007372e-01	-7.3684995154462375e-03	-3.8032755573659108e-02	-1.4477626863271857e-02	-9.9917161079760608e-01	8.5395316094819018e-01	5.1880844395170167e-01	-4.0022461081357090e-02	-4.7167732826972095e+00	-1.1999387531082208e+01	3.4061373870029954e+01	6.1115498147287815e+02
8.1423165939650133e-01	-5.8053567100203685e-01	2.2670532933414655e-03	-1.8098647206183458e-02	-2.9287090748460025e-02	-9.9940717692279846e-01	5.8025791145466188e-01	8.1370793348086923e-01	-3.4353386799085235e-02	-5.2491480553026939e+00	-1.0770880977305872e+01	3.4045617043384865e+01	6.1115498147287815e+02
9.8858004315811898e-01	-1.4850580411594277e-01	2.5603210997236784e-02	1.9827812841086773e-02	-4.0241220056087795e-02	-9.9899324424459279e-01	1.4938659949082000e-01	9.8809244018577269e-01	-3.6837121769956321e-02	-5.7530334548878725e+00	-9.5450675899196202e+00	3.3922601523052265e+01	6.1115498147287815e+02
9.7015670177365287e-01	2.4063552966968027e-01	2.9841512432520808e-02	4.3003304803345833e-02	-4.9630437747446798e-02	-9.9784143801757796e-01	-2.3863505563864290e-01	9.6934584205514052e-01	-5.8497424821545144e-02	-6.3314774472598696e+00	-8.5564014799843342e+00	3.3989232320982772e+01	6.1115498147287815e+02
7.6199746014944991e-01	6.4750012969995319e-01	1.0171173203313805e-02	4.6595881182405013e-02	-3.9156171840547628e-02	-9.9814609054167469e-01	-6.4590145887946626e-01	7.6105872062892610e-01	-6.0007742600763414e-02	-7.5532109354462591e+00	-8.4148946933427631e+00	3.3914746513292165e+01	6.1115498147287815e+02
2.4873226540059690e-01	9.6453142184417096e-01	8.8382104658970936e-02	9.0691528920549047e-02	6.7656297127253281e-02	-9.9357821636803334e-01	-9.6431701568039330e-01	2.5515046881064374e-01	-7.0646525285881626e-02	-9.4243578269683326e+00	-9.0848946898007146e+00	3.4020488578155309e+01	6.1115498147287815e+02
-3.0256530923130265e-01	9.4933914440479095e-01	8.4908318500285088e-02	8.1231656034482125e-02	1.1444368159431587e-01	-9.9010305615174976e-01	-9.4966080876682601e-01	-2.9267359403253052e-01	-1.1174307874951238e-01	-1.0208728454749835e+01	-9.6859621140792704e+00	3.4389398936033757e+01	6.1115498147287815e+02
-7.7146492393667543e-01	6.3102783212502800e-01	8.1521446374360290e-02	-5.0528761240491278e-02	6.6958938698480006e-02	-9.9647546122113562e-01	-6.3426233959055267e-01	-7.7286504359555619e-01	-1.9771417884353128e-02	-1.0133273057631463e+01	-1.0402093643702852e+01	3.4462442755455449e+01	6.1115498147287815e+02
-9.0896606193447960e-01	4.1495858372518568e-01	3.9875707443408404e-02	-2.8539915714479707e-02	3.3485938366087167e-02	-9.9903161368534943e-01	-4.1589201899331341e-01	-9.0922388096911033e-01	-1.8594698522286172e-02	-1.0069517897515102e+01	-1.1053382135041456e+01	3.4607984379957621e+01	6.1115498147287815e+02
-9.9691315105061817e-01	7.8410227677744415e-02	4.0006821733403926e-03	-2.4496814197173819e-03	1.9866808161224145e-02	-9.9979963442403175e-01	-7.8473997752565805e-02	-9.9672320436970352e-01	-1.9613402247466116e-02	-1.0129805564385528e+01	-1.1664571837995688e+01	3.4717010629503683e+01	6.1115498147287815e+02
-9.7673934848871347e-01	-2.1411393902864106e-01	1.1638995982610261e-02	-8.6183628008767426e-03	-1.5035704451533103e-02	-9.9984981442928678e-01	2.1425678270821719e-01	-9.7669296542223849e-01	1.2840652562785951e-02	-9.9711659313188292e+00	-1.1776905807763898e+01	3.4707442859237332e+01	6.1115498147287815e+02
-8.7213256588723498e-01	-4.8830024207287309e-01	3.0784104835474918e-02	-3.2566498867001775e-02	-4.8435579908292954e-03	-9.9945783457709481e-01	4.8818460716259154e-01	-8.7266225628106731e-01	-1.1678004621657105e-02	-9.5815282770866617e+00	-1.1642803468938839e+01	3.4681751353883882e+01	6.1115498147287815e+02
-6.7837565407170408e-01	-7.3389922605431357e-01	3.4617884968143935e-02	-3.4948265401880889e-02	-1.4831566550064824e-02	-9.9927906181360138e-01	7.3388356754201034e-01	-6.7909642218947830e-01	-1.5587131271072857e-02	-8.8443752848437960e+00	-1.1102349696844733e+01	3.4641703149201241e+01	6.1115498147287815e+02
-2.7482391851195742e-01	-9.6144745486254246e-01	-9.5186843666876329e-03	-1.3907592466521009e-02	1.3873859175880058e-02	-9.9980702883274108e-01	9.6139398411136234e-01	-2.7463850343662205e-01	-1.7184287723800526e-02	-8.0832313588319877e+00	-1.0780604343501654e+01	3.4583598251849459e+01	6.1115498147287815e+02
-1.1485969098699006e-01	-9.9335641803954655e-01	-7.0907070179799577e-03	-1.6026905985173107e-02	8.9900815226490044e-03	-9.9983114410322260e-01	9.9325242998490360e-01	-1.1472665415611905e-01	-1.6953027907328035e-02	-7.6264433518528332e+00	-1.0201865352725413e+01	3.4565706021766850e+01	6.1115498147287815e+02
3.0914189276174175e-02	-9.9921858296231081e-01	-2.4627958993565454e-02	-3.2604889177132848e-02	2.3618493198970990e-02	-9.9918921530446747e-01	9.9899010710974712e-01	3.1692116398278347e-02	-3.1849264592046414e-02	-7.5543877124834848e+00	-1.0121034613616160e+01	3.4571649838153959e+01	6.1115498147287815e+02
1.2351118695005281e-01	-9.9233929523457376e-01	2.7766583402524265e-03	3.4160628871862057e-04	-2.7555650082461674e-03	-9.9999614507588452e-01	9.9234312110445588e-01	1.2351165934775021e-01	-1.3537610926220300e-06	-7.6337500892153640e+00	-1.0221383870797887e+01	3.4642423724345960e+01	6.1115498147287815e+02
-6.8284379829700592e-03	-9.9957362259564508e-01	2.8389178320830481e-02	2.7194313234871797e-02	-2.8564964353685111e-02	-9.9922195339131570e-01	9.9960684359521901e-01	-6.0511009322176124e-03	2.7377772281756127e-02	-7.7487692466511549e+00	-1.0363914948492585e+01	3.4676577400878095e+01	6.1115498147287815e+02
-1.0956287002438325e-01	-9.9360700080003261e-01	2.7223252435818215e-02	-2.2908941507084956e-02	-2.4856633425182625e-02	-9.9942850078121737e-01	9.9371583358173632e-01	-1.1012391082744166e-01	-2.0039120565151412e-02	-7.7021730339390784e+00	-1.0547186959008542e+01	3.4590053018850433e+01	6.1115498147287815e+02
-3.4375640159389886e-01	-9.3782338760257011e-01	4.8154231681690210e-02	-1.1347677133448312e-02	-4.7126983394108903e-02	-9.9882444786851654e-01	9.3899029099713771e-01	-3.4389873669702714e-01	5.5580852188235599e-03	-7.5198802093790347e+00	-1.0361437783517072e+01	3.4796748786206301e+01	6.1115498147287815e+02
-3.6490464526728023e-01	-9.2984412650962545e-01	4.7270500927242186e-02	-4.0101591738157756e-02	-3.5027579102456644e-02	-9.9858145939241605e-01	9.3018087606788968e-01	-3.6628263553951518e-01	-2.4506503214459824e-02	-7.1271427609329097e+00	-1.0169723062856203e+01	3.4668210552643515e+01	6.1115498147287815e+02
-4.4577384627898159e-01	-8.9245666348862873e-01	6.9330958224936817e-02	-2.2776761117870102e-02	-6.6118545478340784e-02	-9.9755178166188874e-01	8.9485579683355843e-01	-4.4626162924743329e-01	9.1466460959197821e-03	-5.9994591748451160e+00	-1.0698976067208749e+01	3.4006489633968428e+01	6.1115498147287815e+02
-5.7406267245403364e-01	-8.1845977456567720e-01	2.3992613714105659e-02	-6.0786899768540646e-03	-2.5041056881940676e-02	-9.9966794236806511e-01	8.1878879915586222e-01	-5.7401789422293847e-01	9.3999728066096674e-03	-5.1938134957048874e+00	-1.1178524923345748e+01	3.4108504918937868e+01	6.1115498147287815e+02
-7.3758774659677950e-01	-6.7509898250684774e-01	-1.4341544146436290e-02	3.9941733277934679e-03	1.6876538426257592e-02	-9.9984960320548966e-01	6.7523948540478063e-01	-7.3753409837712991e-01	-9.7514655986284688e-03	-5.0409939930287280e+00	-1.1419075849693220e+01	3.4042759565678629e+01	6.1115498147287815e+02
-5.1055643585783739e-01	-8.5958938480112623e-01	2.0933593608451907e-02	-2.8789793885928446e-02	-7.2424726069112259e-03	-9.9955925004901247e-01	8.5936213180017917e-01	-5.1093408197903534e-01	-2.1049710213974268e-02	-4.8168950251742784e+00	-1.2299271614740444e+01	3.4034950656094246e+01	6.1115498147287815e+02
-3.7613426058420757e-01	-9.2619098231543229e-01	2.6330254316019850e-02	-3.7664253756676147e-02	-1.3110137343222514e-02	-9.9920444769216021e-01	9.2579934219231586e-01	-3.7682673548517825e-01	-2.9953120369323485e-02	-4.1528508729485702e+00	-1.2741890523436256e+01	3.3991686932438739e+01	6.1115498147287815e+02
-2.2506541328477803e-01	-9.7431923591378322e-01	6.8982803171461667e-03	-2.9706728354702856e-02	-2.1479465170079134e-04	-9.9955863467518402e-01	9.7389068690146741e-01	-2.2517100255503492e-01	-2.8895494024996225e-02	-3.1151337189830937e+00	-1.2970416383130445e+01	3.4033208200728609e+01	6.1115498147287815e+02
-6.3960144814590669e-02	-9.9768058991927888e-01	-2.3292496079562897e-02	-4.0741413745958903e-02	2.5931289760146893e-02	-9.9883317196484644e-01	9.9712047270190851e-01	-6.2936545104534614e-02	-4.2305486748501826e-02	-1.6779171263316432e+00	-1.3222557469946931e+01	3.4014614268897645e+01	6.1115498147287815e+02
-6.7942183593470873e-02	-9.9737996076224988e-01	2.4840965328348459e-02	-1.7957323685854846e-02	-2.3671959447911443e-02	-9.9955848896497212e-01	9.9752764082735701e-01	-6.8358263624741067e-02	-1.6301950178366213e-02	-2.8654327834429916e-01	-1.2972276317776553e+01	3.3924671706474740e+01	6.1115498147287815e+02
-5.0476579058416460e-02	-9.9872047936392661e-01	3.0852983078164340e-03	-4.9277639213192337e-02	-5.9494408302141616e-04	-9.9878494197455403e-01	9.9750881161027061e-01	-5.0567283302811961e-02	-4.9184556714880069e-02	1.1721614121918029e+00	-1.2839941151222973e+01	3.3978572083755303e+01	6.1115498147287815e+02
6.9838434390850079e-02	-9.9747969782052448e-01	1.2523798054526436e-02	-2.1560051841868114e-02	-1.4060806342209235e-02	-9.9966867405635107e-01	9.9732530161748689e-01	6.9545281370359813e-02	-2.2487698697434857e-02	2.9655892871659661e+00	-1.2890860413270104e+01	3.3947598072868203e+01	6.1115498147287815e+02
1.8196780450493111e-02	-9.9980006525221921e-01	-8.2889506510310535e-03	-4.0507006958958008e-02	7.5463229783151037e-03	-9.9915075709160839e-01	9.9901354323575808e-01	1.8517087545444011e-02	-4.0361589418293702e-02	4.6438584431905028e+00	-1.2723019795514483e+01	3.3962521175061255e+01	6.1115498147287815e+02
3.0567476928672621e-01	-9.5202632146441313e-01	-1.4450559174114114e-02	-1.8450861064162583e-03	1.4584682165714813e-02	-9.9989193551272604e-01	9.5213419804078414e-01	3.0566839922547251e-01	2.7015988174487436e-03	6.0033896610600275e+00	-1.2473008338178673e+01	3.3994887520108136e+01	6.1115498147287815e+02
5.1334836933653394e-01	-8.5796734421089282e-01	1.9117739595182606e-02	5.4002577389133277e-02	1.0062459239798476e-02	-9.9849009436717939e-01	8.5647952300965868e-01	5.1360566895406723e-01	5.1497994945363126e-02	6.6754660454597756e+00	-1.2006438259446744e+01	3.4062280869590033e+01	6.1115498147287815e+02
9.9430571698082548e-01	-1.0637764262290839e-01	6.3196779379715521e-03	1.3976899884584469e-02	7.1390729797086327e-02	-9.9735049504607765e-01	1.0564462811171815e-01	9.9175962856381306e-01	7.2471040437575449e-02	6.6684811124610599e+00	-1.1770012319692182e+01	3.4048070336912495e+01	6.1115498147287815e+02
8.0891331278580036e-01	5.8785365891025398e-01	9.3449507076807364e-03	-1.1542656371597494e-02	3.1770864117927664e-02	-9.9942852634747614e-01	-5.8781461319176898e-01	8.0834317458553917e-01	3.2485267725288119e-02	5.9942280307362692e+00	-1.1825958177324683e+01	3.3980559378157729e+01	6.1115498147287815e+02
4.2197217780498364e-01	9.0593184909806002e-01	3.5028073716511482e-02	3.0706009898566339e-03	3.7208035925312868e-02	-9.9930282370868062e-01	-9.0660358071655589e-01	4.2178554604484836e-01	1.2919000718667438e-02	4.5188028373856595e+00	-1.2169797669248645e+01	3.3951638633028026e+01	6.1115498147287815e+02
2.9896117979811176e-02	9.9929503663161545e-01	-2.2707969815810865e-02	3.5736775398168573e-02	-2.3772192852145081e-02	-9.9907845824596864e-01	-9.9891396276850497e-01	2.9057057841753553e-02	-3.6422278562755095e-02	2.7952541154309030e+00	-1.2218803307748368e+01	3.3845418343674972e+01	6.1115498147287815e+02
-7.8487384011546868e-02	9.9690352937480187e-01	-4.8045469180775617e-03	5.2864099851174927e-02	-6.5067767675690454e-04	-9.9860150388705426e-01	-9.9551248987541552e-01	-7.8631607758108568e-02	-5.2649337730174273e-02	1.1132442230542483e+00	-1.2403862663591584e+01	3.3883846276104585e+01	6.1115498147287815e+02
-1.0453450748705184e-02	9.9993271526296124e-01	5.0289476320937391e-03	4.5457359455758746e-02	5.4992292697331711e-03	-9.9895114342431657e-01	-9.9891158459533069e-01	-1.0213883897952247e-02	-4.5511786791607611e-02	-4.5363403237961064e-01	-1.2479907561294180e+01	3.3895759242504276e+01	6.1115498147287815e+02
-9.0862390009715965e-02	9.9579705520290207e-01	-1.1500040476059523e-02	6.8211383750518703e-02	-5.2975096735683232e-03	-9.9765682652808951e-01	-9.9352465153541214e-01	-9.1433917341909920e-02	-6.7443350680041037e-02	-2.2572213855025223e+00	-1.2501364019479855e+01	3.3918824388386554e+01	6.1115498147287815e+02
1.5078997243517561e-01	9.8816961667988801e-01	2.7985583497977293e-02	8.6610021324292713e-02	1.4994734357875787e-02	-9.9612944045828855e-01	-9.8476448373162040e-01	1.5263016285210446e-01	-8.3324335992166057e-02	-3.7439000327523733e+00	-1.2581721599304842e+01	3.3900315489085941e+01	6.1115498147287815e+02
4.5357225676511853e-01	8.9120222835285534e-01	5.5494208619084754e-03	7.7418179555053951e-02	-3.3196776105761404e-02	-9.9644588389463773e-01	-8.8785056927806227e-01	4.5238983436311780e-01	-8.4052390790101586e-02	-4.9589764009789778e+00	-1.1985900628267030e+01	3.3860615637777016e+01	6.1115498147287815e+02
8.9847794265743131e-01	4.3860656584911206e-01	-1.9017543272421951e-02	1.9097123749784548e-02	-8.2324018234876728e-02	-9.9642262915198276e-01	-4.3860310808583580e-01	8.9490057348049135e-01	-8.2342438400453660e-02	-5.5165371020105027e+00	-1.1387517130217496e+01	3.3897301113580063e+01	6.1115498147287815e+02
9.9933907912735787e-01	2.2320743185590963e-02	-2.8691276592852109e-02	-2.7385835925831166e-02	-5.6742555336656002e-02	-9.9801317546639168e-01	-2.3904412135170694e-02	9.9813930232082815e-01	-5.6093780786843531e-02	-5.4683749068445717e+00	-1.0755246805306349e+01	3.3887440985434665e+01	6.1115498147287815e+02
9.5999389340643404e-01	-2.7729372317557632e-01	-3.8986096365025556e-02	-5.6709234568848924e-02	-5.6181715365259226e-02	-9.9680874673792497e-01	2.7421850290775696e-01	9.5914118144621652e-01	-6.9659218463781189e-02	-5.1399389985449089e+00	-1.0009982671234592e+01	3.3910945570668304e+01	6.1115498147287815e+02
6.3502669522818034e-01	-7.7248689452598884e-01	2.2570186463629184e-03	-8.3006725541534904e-02	-7.1140336765230364e-02	-9.9400650702085569e-01	7.6801756481375372e-01	6.3103331946144026e-01	-1.0929762059179574e-01	-4.6916409826441248e+00	-9.5072002536517086e+00	3.3847475517290484e+01	6.1115498147287815e+02
2.1751766122389138e-01	-9.7584989297527391e-01	-2.0076190770039276e-02	-9.9359535649115427e-02	-1.6761147999745374e-03	-9.9505018632969966e-01	9.7098596783438673e-01	2.1843575032334767e-01	-9.7324576800495555e-02	-4.0517145276848732e+00	-9.4952410874233841e+00	3.3863830404534369e+01	6.1115498147287815e+02
1.0302725861317202e-01	-9.9356457179604729e-01	-4.7061934239808305e-02	-1.1159020517957881e-01	3.5469629516458885e-02	-9.9312110615470495e-01	9.8839921595003022e-01	1.0757019593596817e-01	-1.0721773573277588e-01	-3.0865464699680181e+00	-9.5228073277268965e+00	3.3908826293930964e+01	6.1115498147287815e+02
-2.8977310855354155e-02	-9.9671686407663351e-01	7.5602965026738189e-02	-5.6999380031054835e-02	-7.3864007488129657e-02	-9.9563807634796164e-01	9.9795359918769155e-01	-3.3160236172795676e-02	-5.4671863012860020e-02	-1.8092972817189681e+00	-9.2149610492374840e+00	3.3966491523356289e+01	6.1115498147287815e+02
2.1217155642724256e-01	-9.7653300834377954e-01	3.6966393633810914e-02	-3.0461066167595911e-02	-4.4418068125945523e-02	-9.9854852594748378e-01	9.7675757181153977e-01	2.1073755915594927e-01	-3.9170487229774717e-02	-3.9637520351451139e-01	-9.0116443415570870e+00	3.3797768390055154e+01	6.1115498147287815e+02
5.6258624923271794e-01	-8.2290001296392079e-01	7.9575629675429305e-02	1.9554735495881381e-02	-8.2980546565617500e-02	-9.9635929323279671e-01	8.2650730456176169e-01	5.6209411805822196e-01	-3.0592122358564997e-02	9.8949876461084774e-01	-8.3983648864815166e+00	3.3807897838297535e+01	6.1115498147287815e+02
7.4409310374950721e-01	-6.6681924695531070e-01	4.0957842257347096e-02	-1.7642873017880874e-02	-8.0899192254971358e-02	-9.9656612912749976e-01	6.6784293212109413e-01	7.4081537010408072e-01	-7.1961138355740945e-02	2.2399288950397054e+00	-7.5275013614069355e+00	3.3805167170775661e+01	6.1115498147287815e+02
9.5264019931480481e-01	-3.0395221347136392e-01	9.4711443504935360e-03	-1.8432512150658810e-02	-8.8802324174522856e-02	-9.9587870231118969e-01	3.0354059554739171e-01	9.4853950847977953e-01	-9.0199266669266046e-02	3.1478211717492464e+00	-6.4663305705365488e+00	3.3762486014370815e+01	6.1115498147287815e+02
9.9007684357199699e-01	-1.3159355668024336e-01	4.9304965903600284e-02	4.2114392437724538e-02	-5.6878522625593855e-02	-9.9749246193318764e-01	1.3406797444622243e-01	9.8967063688086321e-01	-5.0772125459878657e-02	3.0841599800293649e+00	-5.2478426200700632e+00	3.3735705919392814e+01	6.1115498147287815e+02
9.9758321265247740e-01	-6.1642292838786861e-02	3.2061839740407341e-02	2.8214750287508507e-02	-6.2298324398591565e-02	-9.9765868243770717e-01	6.3495367548946913e-02	9.9615217035887926e-01	-6.0408540696817115e-02	3.1105314384169400e+00	-4.3099629618537678e+00	3.3546226489133190e+01	6.1115498147287815e+02
9.9993361636781075e-01	-7.9180621741753998e-03	8.3706122236170150e-03	7.6004392994056744e-03	-9.2744510813650580e-02	-9.9566093075724993e-01	8.6600334900233666e-03	9.9565845549834142e-01	-9.2678173345233608e-02	3.2538776296050562e+00	-3.3755180497261490e+00	3.3021794420712808e+01	6.1115498147287815e+02
9.9877856743381499e-01	-4.9410211033233842e-02	6.5425589435268855e-05	-3.2535633419628132e-03	-6.7088707048568647e-02	-9.9774170991902089e-01	4.9303017761961609e-02	9.9652282283558513e-01	-6.7167521968292759e-02	3.2432677887530632e+00	-2.6318507338409605e+00	3.2542619301080940e+01	6.1115498147287815e+02
9.9922694841155957e-01	-1.2815431646360231e-03	3.9292024829981710e-02	3.9060528269583637e-02	-8.0707688698312963e-02	-9.9597216031186231e-01	4.4475498225199361e-03	9.9673698969793123e-01	-8.0595239738354182e-02	3.2387425851276097e+00	-1.8445118719669216e+00	3.1982329037097706e+01	6.1115498147287815e+02
9.9824949540830221e-01	-5.6097557724447522e-02	1.8735232435776149e-02	1.5023232871118591e-02	-6.5875995964100195e-02	-9.9771471655470667e-01	5.7203561000784220e-02	9.9624967612195003e-01	-6.4917913057487120e-02	3.1863727977190290e+00	-1.1109367589528860e+00	3.1544822916508771e+01	6.1115498147287815e+02
9.9969038330661986e-01	1.8562315853627276e-02	-1.6570393912454528e-02	-1.5081385323840922e-02	-7.7669776713572961e-02	-9.9686506489192306e-01	-1.9791142993206945e-02	9.9680632332234642e-01	-7.7365783416240050e-02	3.2631194948846414e+00	-3.2623845457108747e-01	3.0994387637539369e+01	6.1115498147287815e+02
9.9874378772405747e-01	-8.8942518842314300e-03	-4.9312663343437035e-02	-4.9683846561352864e-02	-4.7947625203950031e-02	-9.9761342243785467e-01	6.5085999624528434e-03	9.9881025100903020e-01	-4.8329293454460416e-02	3.1334474038256905e+00	4.1622798289094654e-01	3.0584805828363351e+01	6.1115498147287815e+02
9.9608329178821386e-01	8.8274546433539436e-02	5.0675706516160931e-03	9.3276948588263825e-03	-4.7914508074067004e-02	-9.9880788644495666e-01	-8.7926502995268108e-02	9.9494311614683451e-01	-4.8550238959762460e-02	2.9700493872398068e+00	1.1769108847436565e+00	2.9964407796214900e+01	6.1115498147287815e+02
9.8520842332299874e-01	1.6866956579483000e-01	-3.0247978246399541e-02	-3.1274786768210730e-02	3.4338151477984087e-03	-9.9950492576381744e-01	-1.6848219587248375e-01	9.8566667108516692e-01	8.6581283122654663e-03	2.6367179017692521e+00	1.9758281592660181e+00	2.9531449271970047e+01	6.1115498147287815e+02
9.3414068128515826e-01	3.5683213792599761e-01	7.2119977303424891e-03	-3.5304307596373728e-02	1.1249234942469805e-01	-9.9302521477858408e-01	-3.5515460497259660e-01	9.2737063608035064e-01	1.1768139148856678e-01	2.2520296063137266e+00	2.7471059543138132e+00	2.9082142146825475e+01	6.1115498147287815e+02
8.4577874683986076e-01	5.3312004573538196e-01	-2.1007813524959326e-02	-4.8915412028771324e-02	3.8273483256301491e-02	-9.9806934776371414e-01	-5.3128673412767480e-01	8.4517344806526784e-01	5.8448685403654589e-02	1.5917527238083209e+00	3.2430702865199716e+00	2.9081993732010311e+01	6.1115498147287815e+02
7.8590383966490551e-01	6.1804690632937187e-01	-1.9317773594583445e-02	-5.7508602778560999e-02	4.1950639241245417e-02	-9.9746323464762798e-01	-6.1566867340024389e-01	7.8502112420236458e-01	6.8512182490706647e-02	8.1154922073868585e-01	3.2690885232012441e+00	2.9111346103221571e+01	6.1115498147287815e+02
4.7494011521389856e-01	8.7994326717996141e-01	1.1477521738780756e-02	-1.2025440927892381e-02	1.9530653126658588e-02	-9.9973693657828633e-01	-8.7993594978901668e-01	4.7467715358241275e-01	1.9857596425547627e-02	-1.5832084023474025e-01	3.3490408940209218e+00	2.8990695644909465e+01	6.1115498147287815e+02
-1.2550059900954030e-01	9.9154822929264452e-01	3.2889339228206832e-02	-7.3327894523999029e-02	2.3789835517533043e-02	-9.9702410382634499e-01	-9.8937991668161740e-01	-1.2753882825504637e-01	6.9722505365240786e-02	-1.0761200398935302e+00	2.9233329126827297e+00	2.8982265429999281e+01	6.1115498147287815e+02
-4.7276984454149068e-01	8.8116324790608014e-01	6.3249214874818516e-03	-8.9106452999097058e-02	-4.0664808692070606e-02	-9.9519164655254100e-01	-8.7666910184295554e-01	-4.7106019134888250e-01	9.7742426817734721e-02	-1.5422616866980774e+00	1.9001071607856117e+00	2.9027392718977090e+01	6.1115498147287815e+02
-7.9927725379860259e-01	6.0028920446834588e-01	2.8438399373466088e-02	-5.8064310733309504e-02	-3.0038718410373880e-02	-9.9786081755690170e-01	-5.9815082327054436e-01	-7.9921870998808764e-01	5.8864643256774749e-02	-1.8740060112256214e+00	8.4077730870164835e-01	2.8971555243261164e+01	6.1115498147287815e+02
-9.5554054117845966e-01	2.9392562319792237e-01	2.3452125534576658e-02	-2.7634115805614385e-02	-1.0082622963625269e-02	-9.9956725454459316e-01	-2.9356196928079525e-01	-9.5577511410471794e-01	1.7756729712849268e-02	-2.1022495367847354e+00	5.4754957871156584e-02	2.8868361263241717e+01	6.1115498147287815e+02
-9.9309954867929995e-01	1.1691231948569797e-01	-9.2084724816416958e-03	3.4627461855264059e-03	-4.9253912150082402e-02	-9.9878028691337672e-01	-1.1722327329428095e-01	-9.9192013876641616e-01	4.8509200238596034e-02	-1.8505435895253650e+00	-6.5735025316276463e-01	2.8397319434928939e+01	6.1115498147287815e+02
-9.9972107023486045e-01	-7.8131914465448538e-03	2.2287569806627217e-02	-2.2215411302518043e-02	-9.2037177155539843e-03	-9.9971084173418501e-01	8.0160606987215721e-03	-9.9992712015408014e-01	9.0275772631625267e-03	-1.6969011723587994e+00	-1.4379679458125532e+00	2.8131166194350577e+01	6.1115498147287815e+02
-9.9698286118259050e-01	-7.7222189052991330e-02	7.8681653541301418e-03	-7.6820417643713220e-03	-2.7069988694257002e-03	-9.9996682864555664e-01	7.7240926603105442e-02	-9.9701023348558726e-01	2.1056073966162162e-03	-1.7293214014928020e+00	-2.2182390530428693e+00	2.7577367268975692e+01	6.1115498147287815e+02
-9.9937823847756779e-01	-3.4610766668242865e-02	6.7254210358993743e-03	-5.5728283675821298e-03	-3.3290948873877790e-02	-9.9943016579802268e-01	3.4814939917499843e-02	-9.9884623819370399e-01	3.3077369980510134e-02	-1.6887977150924962e+00	-2.9598419344213474e+00	2.7047633474925568e+01	6.1115498147287815e+02
-9.9859025114681210e-01	-5.2661491337125721e-02	6.6541449260523961e-03	-3.5126357479448658e-03	-5.9523976345427068e-02	-9.9822069585344309e-01	5.2963871692403297e-02	-9.9683682895957415e-01	5.9255081851025647e-02	-1.7680338631645642e+00	-3.7576255865392909e+00	2.6396559147025719e+01	6.1115498147287815e+02
-9.9985220611426917e-01	1.6619877255600490e-02	-4.3983642912194358e-03	2.9895936242760185e-03	-8.3857459953624647e-02	-9.9647327547711417e-01	-1.6930099184328251e-02	-9.9633915214154634e-01	8.3795379654690499e-02	-1.8448295636225589e+00	-4.4949634431380501e+00	2.5913355950289265e+01	6.1115498147287815e+02
-9.9794487462293013e-01	6.3403489475334529e-02	9.2749520848352408e-03	-1.5234793961250784e-02	-9.4171979155072000e-02	-9.9543937002460148e-01	-6.2240889026291102e-02	-9.9353491929794191e-01	9.4944383029482091e-02	-1.9160131050850806e+00	-5.2574720608432184e+00	2.5370184597112740e+01	6.1115498147287815e+02
-9.9585334042890283e-01	8.1168485320404438e-02	-4.1082859532746242e-02	3.6480358541899474e-02	-5.7394917811545640e-02	-9.9768482340369435e-01	-8.3338513289178240e-02	-9.9504648152746999e-01	5.4195865179479094e-02	-1.8955349612523877e+00	-6.1527440132130824e+00	2.4912193634973093e+01	6.1115498147287815e+02
-9.8564781016801062e-01	1.6504348444057904e-01	3.5482989653043515e-02	-5.0778530325419714e-02	-8.9399446696365154e-02	-9.9470059806374644e-01	-1.6099669303745384e-01	-9.8222624032047545e-01	9.6497034446183211e-02	-1.9156066445901854e+00	-7.0358272145388767e+00	2.4392480919973956e+01	6.1115498147287815e+02
-8.1565708936742898e-01	5.7848238358524673e-01	-7.8513977218064787e-03	-3.9100865132948366e-02	-6.8661983191009718e-02	-9.9687343951483276e-01	-5.7721281596176421e-01	-8.1279989169894051e-01	7.8623795022127491e-02	-2.3501917435734416e+00	-7.7862333439637395e+00	2.4178862555579620e+01	6.1115498147287815e+02
-6.5600104734979325e-01	7.5388191108061342e-01	-3.6396291314040131e-02	-5.5636950302100974e-02	-9.6391845533452189e-02	-9.9378727194291294e-01	-7.5270655347024606e-01	-6.4990051258642456e-01	1.0517684204636854e-01	-3.2992623834104444e+00	-8.2890276631355295e+00	2.4227135451234702e+01	6.1115498147287815e+02
-4.1682593682838043e-01	9.0896987357848746e-01	5.4687579807345642e-03	-8.5676281474260485e-02	-3.3297572762695196e-02	-9.9576646179757267e-01	-9.0493961852705218e-01	-4.1552983114912662e-01	9.1756450701255543e-02	-4.3047841744129727e+00	-8.9024519077892101e+00	2.4222351108791081e+01	6.1115498147287815e+02
-2.6339217155480099e-01	9.6426635176834219e-01	-2.8547623561661011e-02	-7.2993431442990142e-02	-4.9428646389101619e-02	-9.9610680545929364e-01	-9.6192334566212923e-01	-2.6028294558713083e-01	8.3404228350024312e-02	-5.4028255903135580e+00	-9.1208848228029353e+00	2.4226084829567185e+01	6.1115498147287815e+02
-2.1980477501423640e-01	9.7553600095164150e-01	-3.9206795610189325e-03	-9.7034273856739628e-02	-2.5862148735108351e-02	-9.9494497283010541e-01	-9.7070603715957016e-01	-2.1831321561023814e-01	1.0034505125755544e-01	-6.4731864413167113e+00	-9.0671874991989707e+00	2.4265073471483149e+01	6.1115498147287815e+02
3.0875734168675617e-01	9.5109429634260689e-01	-9.4097512767044554e-03	-1.4084086583827871e-01	3.5933169142201730e-02	-9.8937993605354790e-01	-9.4065549191213049e-01	3.0680359649123989e-01	1.4504757397346801e-01	-7.1799379412171325e+00	-9.0303661978389904e+00	2.4285501198783557e+01	6.1115498147287815e+02
8.0961387021234399e-01	5.8651946895379758e-01	-2.2809947346397585e-02	-7.3516359511116111e-02	6.2771566388557146e-02	-9.9531657041232846e-01	-5.8234073019497989e-01	8.0749900494754967e-01	9.3939506943006984e-02	-7.2676296966795721e+00	-8.6610387987578292e+00	2.4251956823551716e+01	6.1115498147287815e+02
9.7855597561725727e-01	-2.0520329557205280e-01	-1.7883234330709555e-02	-9.4184844680898702e-03	4.2153468233192271e-02	-9.9906675315828530e-01	2.0576563059481717e-01	9.7781117430835396e-01	3.9316824180436430e-02	-6.9751463400918965e+00	-8.4968683634455466e+00	2.4216935532192828e+01	6.1115498147287815e+02
7.1427435143784446e-01	-6.9848552796291330e-01	-4.3933109432610265e-02	-2.8223191157451161e-02	3.3975125297291554e-02	-9.9902409497565359e-01	6.9929650532441334e-01	7.1481722005517201e-01	4.5540700103320099e-03	-6.1687141874899103e+00	-8.6000565599317191e+00	2.4172469884815975e+01	6.1115498147287815e+02
5.0333728895037277e-01	-8.6314235707571241e-01	-4.0457940801185671e-02	-5.5622582154496083e-03	4.3583978460522657e-02	-9.9903428274764305e-01	8.6407212363068053e-01	5.0307624496028047e-01	1.7136420893243562e-02	-5.0079146321581858e+00	-8.6572179993503759e+00	2.4165012569655374e+01	6.1115498147287815e+02
1.8215637226391412e-01	-9.8321182648480621e-01	-1.0656467710374803e-02	3.7800944033097916e-02	1.7832208804007037e-02	-9.9912616868910886e-01	9.8254269356290935e-01	1.8159437378284149e-01	4.0414585690822541e-02	-3.7050436612355617e+00	-8.4899738605486625e+00	2.4222807018094286e+01	6.1115498147287815e+02
1.5365383482866829e-01	-9.8781569032498706e-01	-2.4711555803185584e-02	1.9201865698604575e-02	2.7988781089540747e-02	-9.9942379223571376e-01	9.8793814958029502e-01	1.5309079032029155e-01	2.3268487767182863e-02	-2.1181785519240863e+00	-8.6495382517121016e+00	2.4134866216775301e+01	6.1115498147287815e+02
9.4223291234344031e-02	-9.9551955127880554e-01	-7.9242924361816111e-03	2.3541540400882896e-02	1.0185482067792963e-02	-9.9967097178551745e-01	9.9527270999687401e-01	9.4005739062531235e-02	2.4395773379534341e-02	-4.7698011952010910e-01	-8.5889373884510416e+00	2.4096727278601449e+01	6.1115498147287815e+02
3.1912805588218518e-02	-9.9943795216850084e-01	-1.0264141694371178e-02	3.0304025602190206e-02	1.1232179366989911e-02	-9.9947761564677873e-01	9.9903115010083199e-01	3.1585090025220919e-02	3.0645443646785682e-02	1.1360586329825937e+00	-8.6682229319044168e+00	2.4059896223686636e+01	6.1115498147287815e+02
7.2396486352539535e-02	-9.9731463235796491e-01	-1.1057705390554690e-02	3.9047293145322487e-02	1.3912448233527309e-02	-9.9914050697695833e-01	9.9661128714350311e-01	7.1902488613727389e-02	3.9949649176469558e-02	2.8513152470139760e+00	-8.7801176352494092e+00	2.4081243524129725e+01	6.1115498147287815e+02
-2.4154394374295618e-02	-9.9920973926466505e-01	-3.1566789368760714e-02	3.3772022452790297e-02	3.0742405395433745e-02	-9.9895663319783390e-01	9.9913763603012151e-01	-2.5195266800403571e-02	3.3002769565557470e-02	4.3415429063226236e+00	-8.6928092532599361e+00	2.4147304342862206e+01	6.1115498147287815e+02
1.0694490546986213e-01	-9.9426025695481834e-01	-3.0542812871722572e-03	8.9048462613515664e-02	1.2637719319704463e-02	-9.9594711674695147e-01	9.9026923535986500e-01	1.0623949120047266e-01	8.9888887017546118e-02	5.6803690104364586e+00	-8.8321461616023207e+00	2.4150428827584861e+01	6.1115498147287815e+02
2.1556599156380224e-01	-9.7634635125588853e-01	-1.6706455950563519e-02	4.4869338429626364e-02	2.6994354480788157e-02	-9.9862808256880786e-01	9.7545786467176687e-01	2.1452064519639802e-01	4.9627079649307307e-02	6.8146273603779166e+00	-8.7557527905627719e+00	2.4115704464317034e+01	6.1115498147287815e+02
6.5645503624079338e-01	-7.5410633081458567e-01	-1.9759231246732508e-02	3.7714198500874221e-02	5.8968396164022940e-02	-9.9754717556879491e-01	7.5342181055869095e-01	6.5409966372045014e-01	6.7150616492022031e-02	7.4530630562834341e+00	-8.5513176219157927e+00	2.4126537681616725e+01	6.1115498147287815e+02
9.9662341041377633e-01	-7.6962611331096775e-02	-2.8610037964186392e-02	-2.5892981141352321e-02	3.6072939488377344e-02	-9.9901366185066853e-01	7.7918748339710853e-02	9.9638120189702850e-01	3.3958344532770954e-02	7.2968655271991087e+00	-8.3308380786804044e+00	2.4073106483949999e+01	6.1115498147287815e+02
9.2642183071047080e-01	3.7634978708411149e-01	1.0170021868399541e-02	-1.0957635598761225e-02	5.3955096828130683e-02	-9.9848323859159105e-01	-3.7632767876565276e-01	9.2490523043607631e-01	5.4109083404216780e-02	6.3424965900528028e+00	-8.3393110174194440e+00	2.4071704714186531e+01	6.1115498147287815e+02
7.5746211924552487e-01	6.5248194259635073e-01	-2.2769551900980133e-02	-4.3146296284371756e-02	1.5227976316985442e-02	-9.9895270451319718e-01	-6.5145186700555224e-01	7.5765125441919667e-01	3.9686794428349458e-02	5.3419384120537323e+00	-8.1633462715167404e+00	2.4038521943293418e+01	6.1115498147287815e+02
5.5203013298190329e-01	8.3318689168389581e-01	-3.2593493309409909e-02	-9.9254442726938841e-02	2.6849561299777065e-02	-9.9469978217398569e-01	-8.2789569867160639e-01	5.5233930204552495e-01	9.7519267516297276e-02	4.4364854102081397e+00	-7.6056629986851654e+00	2.4060889467777720e+01	6.1115498147287815e+02
7.4356146727626848e-01	6.6829708505887431e-01	-2.2256470604630249e-02	-3.4280750651678786e-02	4.8581969583183539e-03	-9.9940043428901504e-01	-6.6778827072412739e-01	7.4387862183566344e-01	2.6522093792791548e-02	3.5481959149877502e+00	-7.1503653747692981e+00	2.4055975090633886e+01	6.1115498147287815e+02
9.2607826786637815e-01	3.7603023220563525e-01	-3.1309842749283626e-02	-2.3610326509288151e-02	-2.5067831965271556e-02	-9.9940690225887785e-01	-3.7659207940121864e-01	9.2626824854786916e-01	-1.4336577845825498e-02	3.2084528981896687e+00	-6.5455578402333412e+00	2.3994301313137200e+01	6.1115498147287815e+02
9.4815362749726195e-01	3.1552535215630978e-01	-3.8058518237324014e-02	-5.4051942468684028e-02	4.2089929267794340e-02	-9.9765065296906141e-01	-3.1318219326638935e-01	9.4798322242583444e-01	5.6962477298526451e-02	2.9890669954282485e+00	-5.7243789233726012e+00	2.4074045422259189e+01	6.1115498147287815e+02
9.9856958157074827e-01	5.3427097238266830e-02	2.0823165738997687e-03	6.4437156779282613e-04	2.6917273665023639e-02	-9.9963745686309957e-01	-5.3463777895915110e-02	9.9820889880782726e-01	2.6844343798298288e-02	2.6455700142917333e+00	-5.1078475708502609e+00	2.4024728068191557e+01	6.1115498147287815e+02
9.9966106960172607e-01	2.5326506903517232e-02	6.0261074334235802e-03	4.8718981956190621e-03	4.5390307916176514e-02	-9.9895744882114301e-01	-2.5573629595827763e-02	9.9864823035708683e-01	4.5251535597752003e-02	2.7515022642314984e+00	-4.6436515122609237e+00	2.3710401970896356e+01	6.1115498147287815e+02
9.9969166187566416e-01	1.8958181374851946e-02	-1.6036475149837689e-02	-1.6001635907518331e-02	-1.9879672881749008e-03	-9.9986998936579008e-01	-1.8987596597683343e-02	9.9981830116527659e-01	-1.6839924062403318e-03	2.9562974452073645e+00	-3.9932280371952333e+00	2.3408659501837221e+01	6.1115498147287815e+02
9.9969441083960553e-01	2.1041363957246650e-02	-1.2974819415819062e-02	-1.2289693136536821e-02	-3.2369680314279350e-02	-9.9940040386171636e-01	-2.1448738393299416e-02	9.9925445448052441e-01	-3.2101196584641403e-02	2.8416817669477936e+00	-3.2463412411614390e+00	2.2986743377776598e+01	6.1115498147287815e+02
9.9659726056244802e-01	5.9355646685594066e-02	5.7190973465742943e-02	5.7918028595253947e-02	-1.0600474564479897e-02	-9.9826506094456091e-01	-5.8646416796456768e-02	9.9818061348913334e-01	-1.4002165953648608e-02	3.0113848723381684e+00	-2.5910433374857966e+00	2.2444340596073438e+01	6.1115498147287815e+02
9.9857944893259931e-01	-5.3281461161700849e-02	-4.1239051966719155e-04	-1.8772935709231893e-03	-2.7446551085647249e-02	-9.9962150967371244e-01	5.3249975946615402e-02	9.9820227044921983e-01	-2.7507586802693954e-02	3.1086135376431114e+00	-1.8257939514216823e+00	2.1921421626452300e+01	6.1115498147287815e+02
9.9272014151593568e-01	1.2044246726321772e-01	5.7680857284905275e-04	5.9308446993250365e-03	-4.4099326749111704e-02	-9.9900954673187581e-01	-1.2029773775817021e-01	9.9174031956950515e-01	-4.4492615459677434e-02	3.1058368458254408e+00	-9.4812152970158614e-01	2.1348315944360714e+01	6.1115498147287815e+02
9.9400527574201902e-01	1.0845076733124859e-01	-1.3854344527847930e-02	-1.4321214202626494e-02	3.5271760651379366e-03	-9.9989122501038519e-01	-1.0839010388774184e-01	9.9409556386409315e-01	5.0591782866086701e-03	3.0309438304580665e+00	-2.4543426163779092e-01	2.0916180451400361e+01	6.1115498147287815e+02
9.6304797503391826e-01	2.6689025387984072e-01	3.6168911609613906e-02	2.7161165154141506e-02	3.7366646445044033e-02	-9.9893243257035202e-01	-2.6795684146992671e-01	9.6300224616425756e-01	2.8736822929047182e-02	2.8983026875597018e+00	6.1822489807695913e-01	2.0371784757174645e+01	6.1115498147287815e+02
