//X Y Z Scalar_field Scalar_field_#2 Scalar_field_#3 Scalar_field_#4 Scalar_field_#5 Scalar_field_#6 Scalar_field_#7 Scalar_field_#8 Scalar_field_#9 Nx Ny Nz
476
-106.39022064 -107.96913147 -65.87548828 90.390175 33.884056 -1.247752 0.018077 0.005332 0.999822 0.557514 -0.830148 -0.005653 0.829590 0.558088 -0.017826
-106.38213348 -107.94186401 -65.84693146 91.378784 36.304398 -3.116930 0.043819 0.008158 0.999006 0.592075 -0.805650 -0.019391 0.803860 0.593426 -0.040684
-106.39490509 -107.88507080 -65.84695435 90.662720 39.151367 -2.949902 0.039908 0.020939 0.998984 0.631371 -0.775429 -0.008970 0.774975 0.630464 -0.043920
-106.47232819 -107.87677002 -65.88262939 89.208092 48.097389 -1.406978 0.016399 0.032090 0.999350 0.744281 -0.667803 0.009231 0.667534 0.743743 -0.035282
-106.73627472 -108.04534912 -65.90464783 86.096367 70.276588 1.029598 -0.006064 0.051192 0.998670 0.941333 -0.336697 0.022975 0.337548 0.940219 -0.045265
-106.99699402 -108.92116547 -65.93593597 -69.941956 79.106133 159.273239 -0.066886 0.005680 0.997744 0.981979 0.177527 0.064818 -0.176123 0.984217 -0.017267
-106.83187103 -110.31967163 -65.97023010 -84.277847 47.131374 175.347290 -0.055185 -0.040221 0.997666 0.732916 0.676930 0.067831 -0.678782 0.734307 -0.006941
-106.56890106 -111.70346069 -66.05718994 -86.358856 9.410077 178.523361 -0.025423 -0.059281 0.997918 0.163499 0.984552 0.062653 -0.986131 0.165305 -0.014820
-105.83192444 -112.60916138 -66.08012390 -84.093491 -21.487577 -178.056656 0.031554 -0.090491 0.995397 -0.366300 0.925557 0.095753 -0.929954 -0.367656 -0.003817
-104.94293213 -112.81655884 -65.93069458 -88.482094 -51.392570 -179.580460 0.004569 -0.020769 0.999774 -0.781440 0.623762 0.016529 -0.625153 -0.780402 -0.012475
-104.59016418 -112.81246185 -65.89070129 -85.608627 -83.549568 -176.721085 0.006426 -0.019776 0.999784 -0.993669 0.112014 0.008602 -0.113062 -0.993413 -0.018661
-104.58953857 -112.71241760 -65.90409851 83.884018 -81.795135 -7.568005 0.018796 -0.023999 0.999535 -0.989764 -0.141901 0.015205 0.141374 -0.989614 -0.026013
-104.71677399 -111.99938965 -65.93862915 85.588768 -58.644276 -4.191528 0.038033 0.014478 0.999172 -0.853953 -0.518808 0.040022 0.519635 -0.854361 -0.006749
-105.24914551 -110.77088165 -65.95438385 87.582504 -35.468685 -1.273354 0.018099 0.029287 0.999407 -0.580258 -0.813708 0.034353 0.814654 -0.579946 0.001365
-105.75303650 -109.54506683 -66.07740021 87.864944 -8.591381 1.149019 -0.019828 0.040241 0.998993 -0.149387 -0.988092 0.036837 0.988541 -0.148678 0.026104
-106.33147430 -108.55640411 -66.01077271 86.546539 13.805994 2.538039 -0.043003 0.049630 0.997841 0.238635 -0.969346 0.058497 0.970053 0.240999 0.030276
-107.55320740 -108.41489410 -66.08525085 85.491684 40.233299 3.499260 -0.046596 0.039156 0.998146 0.645901 -0.761059 0.060008 0.761664 0.647900 0.009712
-109.42435455 -109.08489227 -65.97950745 74.523560 74.647888 20.032618 -0.090692 -0.067656 0.993578 0.964317 -0.255150 0.070647 0.247877 0.964813 0.087710
-110.20872498 -109.68595886 -65.61059570 -69.103096 71.742989 164.971817 -0.081232 -0.114444 0.990103 0.949661 0.292674 0.111743 -0.301731 0.949605 0.084903
-110.13327026 -110.40209198 -65.53755188 -88.534576 39.365295 -176.252640 0.050529 -0.066959 0.996475 0.634262 0.772865 0.019771 -0.772088 0.630128 0.082569
-110.06951904 -111.05338287 -65.39201355 -88.828400 24.575504 -178.201599 0.028540 -0.033486 0.999032 0.415892 0.909224 0.018595 -0.909414 0.414096 0.038613
-110.12980652 -111.66457367 -65.28298950 -88.872688 4.500856 -179.859207 0.002450 -0.019867 0.999800 0.078474 0.996723 0.019613 -0.996860 0.079116 0.003165
-109.97116852 -111.77690887 -65.29255676 -90.753227 -12.371928 -179.494461 0.008618 0.015036 0.999850 -0.214257 0.976693 -0.012841 -0.976545 -0.215052 0.010576
-109.58152771 -111.64280701 -65.31825256 -89.233315 -29.221331 -177.861496 0.032566 0.004844 0.999458 -0.488185 0.872662 0.011678 -0.872056 -0.488406 0.031291
-108.84437561 -111.10234833 -65.35829163 -88.685135 -47.212963 -177.050873 0.034948 0.014832 0.999279 -0.733884 0.679096 0.015587 -0.679322 -0.732990 0.035308
-108.08322906 -110.78060150 -65.41639709 -86.419640 -74.027519 -177.102997 0.013908 -0.013874 0.999807 -0.961394 0.274639 0.017184 -0.273587 -0.961810 -0.008512
-107.62644196 -110.20186615 -65.43429565 -81.594299 -83.340279 -172.056549 0.016027 -0.008990 0.999831 -0.993252 0.114727 0.016953 -0.114249 -0.993423 -0.007617
-107.55438995 -110.12103271 -65.42834473 44.858299 -87.424797 -46.524693 0.032605 -0.023618 0.999189 -0.998990 -0.031692 0.031849 0.031901 -0.999211 -0.023668
-107.63375092 -110.22138214 -65.35757446 89.999374 -82.905190 0.158468 -0.000342 0.002756 0.999996 -0.992343 -0.123512 0.000001 0.123362 -0.992356 0.003275
-107.74877167 -110.36391449 -65.32342529 -167.536713 -88.393303 104.095436 -0.027194 0.028565 0.999222 -0.999607 0.006051 -0.027378 -0.007075 -0.999545 0.029309
-107.70217133 -110.54718781 -65.40994263 -79.686798 -83.573280 -168.189941 0.022909 0.024857 0.999429 -0.993716 0.110124 0.020039 -0.109179 -0.993640 0.027570
-107.51988220 -110.36143494 -65.20324707 -90.925934 -69.882675 -178.109314 0.011348 0.047127 0.998824 -0.938990 0.343899 -0.005558 -0.343744 -0.937836 0.047994
-107.12714386 -110.16972351 -65.33178711 -86.172272 -68.463028 -173.728592 0.040102 0.035028 0.998581 -0.930181 0.366283 0.024507 -0.365749 -0.929449 0.048504
-105.99945831 -110.69897461 -65.99351501 -91.174179 -63.489914 -177.075027 0.022777 0.066119 0.997552 -0.894856 0.446262 -0.009147 -0.446663 -0.891952 0.070092
-105.19381714 -111.17852783 -65.89149475 -90.938179 -54.963730 -179.393326 0.006079 0.025041 0.999668 -0.818789 0.574018 -0.009400 -0.574511 -0.818159 0.023534
-105.04099274 -111.41907501 -65.95724487 -89.242493 -42.472752 179.689743 -0.003994 -0.016877 0.999850 -0.675240 0.737534 0.009751 -0.737010 -0.675708 -0.015325
-104.81689453 -112.29927063 -65.96504974 -87.640839 -59.245037 -176.772568 0.028790 0.007242 0.999559 -0.859362 0.510934 0.021050 -0.509585 -0.860179 0.020383
-104.15284729 -112.74188995 -66.00831604 -85.455238 -67.789200 -174.281738 0.037664 0.013110 0.999204 -0.925799 0.376827 0.029953 -0.375505 -0.926419 0.027286
-103.11513519 -112.97041321 -65.96679688 -82.687378 -76.878456 -172.480911 0.029707 0.000215 0.999559 -0.973891 0.225171 0.028895 -0.225028 -0.974335 0.005891
-101.67791748 -113.22255707 -65.98538208 -56.091293 -85.650871 -147.503632 0.040741 -0.025931 0.998833 -0.997120 0.062937 0.042305 -0.064673 -0.997658 -0.022264
-100.28654480 -112.97227478 -66.07533264 -76.586746 -85.970207 -165.195099 0.017957 0.023672 0.999559 -0.997528 0.068358 0.016302 -0.067064 -0.997448 0.024484
-98.82783508 -112.83994293 -66.02142334 -45.794163 -85.954880 -135.688599 0.049278 0.000595 0.998785 -0.997509 0.050567 0.049185 -0.050399 -0.998724 0.003086
-97.03440857 -112.89086151 -66.05239868 72.081215 -85.808479 -17.156151 0.021560 0.014061 0.999669 -0.997325 -0.069545 0.022488 0.070717 -0.997429 0.011610
-95.35614014 -112.72302246 -66.03747559 24.644707 -87.454857 -65.809166 0.040507 -0.007546 0.999151 -0.999014 -0.018517 0.040362 0.019053 -0.999778 -0.009025
-93.99661255 -112.47300720 -66.00511169 90.506386 -72.200897 -0.345839 0.001845 -0.014585 0.999892 -0.952134 -0.305668 -0.002702 0.306503 -0.951772 -0.013650
-93.32453156 -112.00643921 -65.93771362 95.725769 -58.923573 6.005242 -0.054003 -0.010062 0.998490 -0.856480 -0.513606 -0.051498 0.514788 -0.857075 0.020374
-93.33152008 -111.77001190 -65.95193481 94.179359 -6.064308 0.805351 -0.013977 -0.071391 0.997351 -0.105645 -0.991760 -0.072471 0.994233 -0.107105 0.005409
-94.00577545 -111.82595825 -66.01943970 92.301331 36.002079 -0.817517 0.011543 -0.031771 0.999429 0.587815 -0.808343 -0.032485 0.808283 0.588716 0.009606
-95.48120117 -112.16979980 -66.04836273 91.754379 65.040131 0.416922 -0.003071 -0.037208 0.999303 0.906604 -0.421786 -0.012919 0.421738 0.906006 0.035921
-97.20474243 -112.21880341 -66.15458679 38.582253 87.329460 50.085342 -0.035737 0.023772 0.999078 0.998914 -0.029057 0.036422 0.029783 0.999277 -0.023621
-98.88675690 -112.40386200 -66.11614990 -56.194935 84.569962 146.038300 -0.052864 0.000651 0.998601 0.995512 0.078632 0.052649 -0.079115 0.996852 -0.005274
-100.45363617 -112.47990417 -66.10424042 -12.648904 87.326538 102.950676 -0.045457 -0.005499 0.998951 0.998912 0.010214 0.045512 -0.010901 0.999928 0.004955
-102.25722504 -112.50136566 -66.08117676 -53.586826 83.476151 143.104050 -0.068211 0.005298 0.997657 0.993525 0.091434 0.067443 -0.091109 0.995771 -0.011791
-103.74389648 -112.58171844 -66.09968567 61.368855 79.985733 29.871992 -0.086610 -0.014995 0.996129 0.984764 -0.152630 0.083324 0.151567 0.988036 0.028490
-104.95897675 -111.98590088 -66.13938904 79.474670 62.604382 9.686211 -0.077418 0.033197 0.996446 0.887851 -0.452390 0.084052 0.453006 0.891483 0.006604
-105.51654053 -111.38751984 -66.10269928 84.742851 26.014788 1.217637 -0.019097 0.082324 0.996423 0.438603 -0.894901 0.082342 0.898706 0.438103 -0.019854
-105.46837616 -110.75524902 -66.11256409 86.783455 1.369752 -1.569738 0.027386 0.056743 0.998013 0.023904 -0.998139 0.056094 0.999385 0.021525 -0.027675
-105.13993835 -110.00997925 -66.08905029 85.846092 -15.915447 -3.380676 0.056709 0.056182 0.996809 -0.274218 -0.959141 0.069659 0.959910 -0.277639 -0.038596
-104.69164276 -109.50720215 -66.15252686 80.173622 -50.176201 -7.447124 0.083007 0.071140 0.994007 -0.768018 -0.631033 0.109298 0.634886 -0.772605 0.001377
-104.05171204 -109.49523926 -66.13616943 65.984520 -76.164421 -24.550369 0.099360 0.001676 0.995050 -0.970986 -0.218436 0.097325 0.217012 -0.975961 -0.020160
-103.08654785 -109.52280426 -66.09117126 45.094021 -81.264214 -47.284813 0.111590 -0.035470 0.993121 -0.988399 -0.107570 0.107218 0.103924 -0.993424 -0.048051
-101.80929565 -109.21495819 -66.03350830 -31.238153 -86.333878 -116.947845 0.056999 0.073864 0.995638 -0.997954 0.033160 0.054672 -0.029029 -0.996660 0.076335
-100.39637756 -109.01164246 -66.20223236 79.470406 -77.622780 -8.170018 0.030461 0.044418 0.998549 -0.976758 -0.210738 0.039170 0.212084 -0.976545 0.037145
-99.01049805 -108.39836121 -66.19210052 86.884735 -55.741608 1.990722 -0.019555 0.082981 0.996359 -0.826507 -0.562094 0.030592 0.562521 -0.823027 0.078724
-97.76007080 -107.52750397 -66.19483185 84.451820 -41.900799 -1.358261 0.017643 0.080899 0.996566 -0.667843 -0.740815 0.071961 0.743722 -0.667225 0.041082
-96.85218048 -106.46633148 -66.23751831 84.567917 -17.670383 -1.108470 0.018433 0.088802 0.995879 -0.303541 -0.948539 0.090199 0.953004 -0.302835 0.008652
-96.91584015 -105.24784088 -66.26429749 87.063187 -7.704729 2.435693 -0.042114 0.056879 0.997492 -0.134068 -0.989671 0.050772 0.990076 -0.131629 0.049218
-96.88946533 -104.30995941 -66.45377350 86.529724 -3.640465 1.620071 -0.028215 0.062298 0.997659 -0.063495 -0.996152 0.060409 0.997611 -0.060687 0.033005
-96.74612427 -103.37551880 -66.97821045 84.682098 -0.496190 0.435494 -0.007600 0.092745 0.995661 -0.008660 -0.995658 0.092678 0.999936 -0.006951 0.008937
-96.75672913 -102.63185120 -67.45738220 86.143990 -2.826000 -0.186643 0.003254 0.067089 0.997742 -0.049303 -0.996523 0.067168 0.998739 -0.050193 0.001024
-96.76126099 -101.84451294 -68.01766968 85.377174 -0.254827 2.238595 -0.039061 0.080708 0.995972 -0.004448 -0.996737 0.080595 0.999217 -0.001014 0.039563
-96.81362915 -101.11093903 -68.45517731 86.271744 -3.279313 0.862212 -0.015023 0.065876 0.997715 -0.057204 -0.996250 0.064918 0.998299 -0.055519 0.017808
-96.73687744 -100.32624054 -69.00561523 85.561966 1.134023 -0.864302 0.015081 0.077670 0.996865 0.019791 -0.996806 0.077366 0.999668 0.019205 -0.017183
-96.86655426 -99.58377075 -69.41519165 87.229797 -0.372918 -2.847908 0.049684 0.047948 0.997613 -0.006509 -0.998810 0.048329 0.998778 -0.009296 -0.048545
-97.02995300 -98.82308960 -70.03559113 87.206352 5.044332 0.536523 -0.009328 0.047915 0.998808 0.087926 -0.994943 0.048550 0.996086 0.088234 0.005315
-97.36328125 -98.02416992 -70.46855164 90.503273 9.699582 -1.818206 0.031275 -0.003434 0.999505 0.168482 -0.985667 -0.008658 0.985311 0.167885 -0.031261
-97.74797058 -97.25289154 -70.91786194 97.232063 20.802919 -2.164370 0.035304 -0.112492 0.993025 0.355155 -0.927371 -0.117681 0.934369 0.356252 0.006339
-98.40824890 -96.75692749 -70.91800690 93.956039 32.092434 -3.310000 0.048915 -0.038273 0.998069 0.531287 -0.845173 -0.058449 0.846511 0.531976 -0.020513
-99.18845367 -96.73091125 -70.88865662 94.987808 38.000523 -4.185166 0.057509 -0.041951 0.997463 0.615669 -0.785021 -0.068512 0.785466 0.618641 -0.018073
-100.15831757 -96.65095520 -71.00930786 92.395508 61.634640 -1.450414 0.012025 -0.019531 0.999737 0.879936 -0.474677 -0.019858 0.474225 0.880322 0.012023
-101.07611847 -97.07666779 -71.01773071 -118.664398 81.642303 -149.702972 0.073328 -0.023790 0.997024 0.989380 0.127539 -0.069723 -0.124660 0.991665 0.032569
-101.54225922 -98.09989166 -70.97261047 -101.722221 61.243134 -169.326248 0.089106 0.040665 0.995192 0.876669 0.471060 -0.097742 -0.472026 0.881559 0.006648
-101.87400818 -99.15922546 -71.02844238 -94.212387 36.737576 -175.844986 0.058064 0.030039 0.997861 0.598151 0.799219 -0.058865 -0.798820 0.600857 0.029276
-102.10224915 -99.94524384 -71.13163757 -91.064339 17.071327 -178.343475 0.027634 0.010083 0.999567 0.293562 0.955775 -0.017757 -0.955378 0.294440 0.023605
-101.85054016 -100.65734863 -71.60267639 -92.799782 6.731877 179.800217 -0.003463 0.049254 0.998780 0.117223 0.991920 -0.048509 -0.993095 0.116899 -0.009833
-101.69689941 -101.43796539 -71.86883545 -90.517265 -0.459291 -178.727005 0.022215 0.009204 0.999711 -0.008016 0.999927 -0.009028 -0.999708 -0.007033 0.023109
-101.72932434 -102.21823883 -72.42263031 -90.121002 -4.429992 -179.558533 0.007682 0.002707 0.999967 -0.077241 0.997010 -0.002106 -0.996990 -0.077179 0.007401
-101.68879700 -102.95983887 -72.95236206 -91.896690 -1.995152 -179.680511 0.005573 0.033291 0.999430 -0.034815 0.998846 -0.033077 -0.999341 -0.035582 0.007116
-101.76803589 -103.75762939 -73.60343933 -93.401833 -3.036027 -179.798462 0.003513 0.059524 0.998221 -0.052964 0.996837 -0.059255 -0.998586 -0.052666 0.007229
-101.84483337 -104.49496460 -74.08663940 -94.807449 0.970070 179.828690 -0.002990 0.083857 0.996473 0.016930 0.996339 -0.083795 -0.999844 0.016947 -0.004984
-101.91601563 -105.25746918 -74.62981415 -95.458733 3.568447 -179.125381 0.015235 0.094172 0.995439 0.062241 0.993535 -0.094944 -0.997922 0.063742 0.009405
-101.89553833 -106.15274048 -75.08780670 -93.117569 4.780489 177.902069 -0.036480 0.057395 0.997685 0.083339 0.995046 -0.054196 -0.995831 0.081804 -0.040357
-101.91560364 -107.03582764 -75.60752106 -95.610916 9.264752 -177.050842 0.050779 0.089399 0.994701 0.160997 0.982226 -0.096497 -0.985538 0.165607 0.035901
-102.35018921 -107.78623199 -75.82113647 -95.525146 35.254745 -177.255463 0.039101 0.068662 0.996873 0.577213 0.812800 -0.078624 -0.815008 0.579409 -0.006849
-103.29926300 -108.28902435 -75.77286530 -99.192780 48.825375 -175.152222 0.055637 0.096392 0.993787 0.752707 0.649900 -0.105177 -0.656993 0.753069 -0.035322
-104.30478668 -108.90245056 -75.77764893 -102.452110 64.815155 -168.384933 0.085676 0.033298 0.995766 0.904940 0.415530 -0.091756 -0.417317 0.908738 0.006500
-105.40282440 -109.12088776 -75.77391052 -107.767372 74.138115 -164.510437 0.072993 0.049429 0.996107 0.961923 0.260283 -0.083404 -0.263428 0.964267 -0.028181
-106.47319031 -109.06718445 -75.73492432 -114.685310 76.097511 -156.180618 0.097034 0.025862 0.994945 0.970706 0.218313 -0.100345 -0.219037 0.975710 -0.003514
-107.17993927 -109.03036499 -75.71450043 115.303383 70.161934 -24.520285 0.140841 -0.035933 0.989380 0.940655 -0.306804 -0.145048 0.308766 0.951098 -0.008680
-107.26763153 -108.66104126 -75.74804688 96.635612 35.615345 -5.188470 0.073516 -0.062772 0.995317 0.582341 -0.807499 -0.093940 0.810126 0.585783 -0.023542
-106.97514343 -108.49687195 -75.78306580 92.302567 -11.874322 -0.551448 0.009418 -0.042153 0.999067 -0.205766 -0.977811 -0.039317 0.978485 -0.205564 -0.017620
-106.16871643 -108.60005951 -75.82752991 90.365021 -44.370590 -2.262757 0.028223 -0.033975 0.999024 -0.699297 -0.714817 -0.004554 0.714896 -0.697841 -0.044059
-105.00791168 -108.65721893 -75.83499146 91.950928 -59.776920 -0.633136 0.005562 -0.043584 0.999034 -0.864072 -0.503076 -0.017136 0.503557 -0.863045 -0.039791
-103.70503998 -108.48997498 -75.77719116 102.546928 -79.278389 11.723576 -0.037801 -0.017832 0.999126 -0.982543 -0.181594 -0.040415 0.182408 -0.983169 -0.010325
-102.11817932 -108.64953613 -75.86513519 98.642319 -81.091965 7.123230 -0.019202 -0.027989 0.999424 -0.987938 -0.153091 -0.023268 0.153811 -0.987811 -0.023926
-100.47698212 -108.58893585 -75.90327454 104.548111 -84.426666 14.028069 -0.023542 -0.010185 0.999671 -0.995273 -0.094006 -0.024396 0.093238 -0.995616 -0.007502
-98.86394501 -108.66822052 -75.94010162 134.134933 -87.477676 43.518795 -0.030304 -0.011232 0.999478 -0.999031 -0.031585 -0.030645 0.031518 -0.999441 -0.011184
-97.14868164 -108.78012085 -75.91875458 119.056931 -85.281784 28.340357 -0.039047 -0.013912 0.999141 -0.996611 -0.071902 -0.039950 0.072817 -0.997278 -0.011609
-95.65845490 -108.69281006 -75.85269165 -142.640839 -87.620346 125.573074 -0.033772 -0.030742 0.998957 -0.999138 0.025195 -0.033003 -0.023717 -0.999207 -0.031966
-94.31963348 -108.83214569 -75.84957123 130.234451 -82.000481 39.782707 -0.089048 -0.012638 0.995947 -0.990269 -0.106239 -0.089889 0.106876 -0.994267 -0.003239
-93.18537140 -108.75575256 -75.88429260 103.025627 -77.280029 11.758038 -0.044869 -0.026994 0.998628 -0.975458 -0.214521 -0.049627 0.216021 -0.976228 -0.017707
-92.54693604 -108.55131531 -75.87345886 95.861519 -48.887661 3.288103 -0.037714 -0.058968 0.997547 -0.753422 -0.654100 -0.067151 0.656277 -0.754228 -0.020990
-92.70313263 -108.33084106 -75.92689514 91.951981 -4.468946 -1.488250 0.025893 -0.036073 0.999014 -0.077919 -0.996381 -0.033958 0.996645 -0.076499 -0.029091
-93.65750122 -108.33930969 -75.92829895 93.348122 22.106396 -0.677658 0.010958 -0.053955 0.998483 0.376328 -0.924905 -0.054109 0.926750 0.375571 0.008973
-94.65805817 -108.16334534 -75.96147919 92.998489 40.651157 -3.260139 0.043146 -0.015228 0.998953 0.651452 -0.757651 -0.039687 0.756766 0.653253 -0.023780
-95.56351471 -107.60565948 -75.93910980 100.012772 55.883179 -10.192816 0.099254 -0.026850 0.994700 0.827896 -0.552339 -0.097519 0.552819 0.832692 -0.031867
-96.45180511 -107.15036774 -75.94402313 92.041946 41.896591 -2.639664 0.034281 -0.004858 0.999400 0.667788 -0.743879 -0.026522 0.743757 0.668120 -0.021010
-96.79154968 -106.54555511 -76.00569916 89.113258 22.122747 -1.460437 0.023610 0.025068 0.999407 0.376592 -0.926268 0.014337 0.925905 0.376352 -0.032556
-97.01093292 -105.72438049 -75.92595673 93.438660 18.251110 -3.262762 0.054052 -0.042090 0.997651 0.313182 -0.947983 -0.056962 0.947783 0.316776 -0.036894
-97.35443115 -105.10784912 -75.97527313 91.540459 3.064710 0.036973 -0.000644 -0.026917 0.999637 0.053464 -0.998209 -0.026844 0.998619 0.052451 0.003085
-97.24849701 -104.64365387 -76.28959656 92.594460 1.465421 0.279232 -0.004872 -0.045390 0.998957 0.025574 -0.998648 -0.045252 0.999671 0.025168 0.005034
-97.04370117 -103.99322510 -76.59133911 89.903496 1.087975 -0.917031 0.016002 0.001988 0.999870 0.018988 -0.999818 0.001684 0.999701 0.019206 -0.015162
-97.15831757 -103.24633789 -77.01325989 88.159996 1.229016 -0.704327 0.012290 0.032370 0.999400 0.021449 -0.999254 0.032101 0.999690 0.021184 -0.013114
-96.98861694 -102.59104156 -77.55566406 89.196327 3.362121 3.326048 -0.057918 0.010600 0.998265 0.058646 -0.998181 0.014002 0.996549 0.059771 0.057598
-96.89138794 -101.82579041 -78.07858276 88.421494 -3.052443 -0.107714 0.001877 0.027447 0.999622 -0.053250 -0.998202 0.027508 0.998623 -0.052451 -0.001028
-96.89416504 -100.94812012 -78.65168762 87.431252 6.909286 0.342300 -0.005931 0.044099 0.999010 0.120298 -0.991740 0.044493 0.992690 0.120688 0.001087
-96.96905518 -100.24543762 -79.08381653 90.291588 6.222520 -0.825437 0.014321 -0.003527 0.999891 0.108390 -0.994096 -0.005059 0.994047 0.108025 -0.014185
-97.10169983 -99.38177490 -79.62821960 91.709251 15.542723 1.615504 -0.027161 -0.037367 0.998932 0.267957 -0.963002 -0.028737 0.963340 0.265877 0.035862
-97.37678528 -98.64707184 -80.10406494 95.833710 23.684998 -1.788209 0.028577 -0.089122 0.995611 0.401708 -0.911025 -0.093080 0.914894 0.403592 0.009084
-97.74043274 -97.71883392 -80.53344727 95.139046 43.037201 -0.167820 0.002141 -0.087582 0.996155 0.682473 -0.727973 -0.065470 0.731265 0.679545 0.058903
-98.39411926 -97.11714172 -80.58958435 95.443764 61.745224 -0.947556 0.007829 -0.080355 0.996736 0.880851 -0.471258 -0.044910 0.473168 0.878344 0.067992
-99.22660828 -96.78373718 -80.50798035 105.319687 73.356064 -13.444668 0.066595 -0.042115 0.996891 0.958103 -0.276246 -0.075674 0.279702 0.959858 0.020947
-99.87359619 -96.51521301 -80.50434875 -134.826385 83.941513 -135.596573 0.073850 0.010154 0.997218 0.994415 0.074856 -0.074404 -0.074763 0.997187 -0.005265
-100.44670868 -96.69332123 -80.54140472 -98.377495 72.332146 -172.917358 0.037422 0.028351 0.998897 0.952832 0.300260 -0.044218 -0.301270 0.953403 -0.016117
-100.99708557 -97.51500702 -80.50050354 -98.889587 63.856071 -170.729645 0.070982 0.009638 0.997431 0.897690 0.435335 -0.068091 -0.435935 0.899696 0.022526
-101.57089996 -98.32935333 -80.58084106 -93.899536 34.834866 -176.627975 0.048279 0.034369 0.998242 0.571213 0.818901 -0.055820 -0.820027 0.571952 0.020673
-101.73257446 -99.23936462 -80.59960938 -92.866219 10.229198 -177.756653 0.038522 0.043023 0.998331 0.177586 0.982874 -0.049209 -0.983583 0.178093 0.029100
-101.62074280 -100.02715302 -80.59891510 -92.460777 2.300159 -179.781738 0.003806 0.042782 0.999077 0.040135 0.998273 -0.042901 -0.999209 0.039643 0.003049
-101.64360046 -100.56649780 -80.85484314 -92.815033 -4.415939 -178.008591 0.034647 0.051755 0.998059 -0.076996 0.995828 -0.048966 -0.996475 -0.074817 0.037951
-101.82743835 -101.20307922 -81.16691589 -90.526703 -9.402064 179.182098 -0.014083 0.006860 0.999877 -0.163362 0.986525 -0.009069 -0.986652 -0.162361 -0.012489
-101.70353699 -101.81791687 -81.53060150 -91.102234 -5.915643 179.954437 -0.000791 0.019154 0.999816 -0.103064 0.994491 -0.019134 -0.994569 -0.104070 0.001073
-101.80911255 -102.48918915 -82.08744812 -91.335533 -7.092895 -179.942535 0.000995 0.023431 0.999725 -0.123478 0.992078 -0.023129 -0.992323 -0.123630 0.003282
-101.78872681 -103.11890411 -82.50112915 -91.548477 -4.429980 178.381439 -0.028161 0.024831 0.999295 -0.077241 0.996648 -0.026942 -0.996554 -0.078477 -0.026876
-101.72782898 -103.78408813 -82.95280457 -91.091797 -8.640431 178.631012 -0.023620 0.015460 0.999601 -0.150233 0.988471 -0.018838 -0.988364 -0.150576 -0.021511
-101.72309113 -104.42033386 -83.44551086 -91.659142 -3.914783 179.291595 -0.012335 0.028107 0.999529 -0.068273 0.997248 -0.028886 -0.997618 -0.068330 -0.009461
-101.60293579 -105.10267639 -83.81039429 -90.897972 -5.665946 177.633728 -0.041086 0.011583 0.999088 -0.098728 0.994992 -0.015595 -0.994389 -0.098443 -0.038714
-101.51116943 -105.77092743 -84.19781494 -89.129242 -8.350994 -178.836960 0.020082 -0.012246 0.999723 -0.145237 0.989283 0.015036 -0.989221 -0.145176 0.019132
-101.26831818 -106.34359741 -84.62478638 -92.944160 -7.736985 -179.356796 0.011124 0.052869 0.998540 -0.134626 0.989589 -0.050895 -0.990941 -0.132945 0.018992
-101.42496490 -107.01006317 -85.04295349 -95.375633 1.034929 -177.963409 0.035532 0.092987 0.995033 0.018062 0.995439 -0.093670 -0.999190 0.021610 0.033958
-101.95915985 -107.59904480 -85.05026245 -91.985771 31.512232 179.978989 -0.000313 0.034843 0.999393 0.522681 0.852017 -0.029541 -0.853249 0.521203 -0.017691
-102.59569550 -107.68539429 -85.04461670 -90.450462 65.675850 -177.480545 0.018106 -0.032201 0.999317 0.911230 0.411886 -0.003238 -0.412140 0.910418 0.035781
-103.76915741 -107.61268616 -85.00968933 -87.502975 71.037598 176.280090 -0.021082 0.017824 0.999619 0.945732 0.324639 0.014157 -0.324457 0.945596 -0.023987
-104.87322998 -107.87356567 -84.94520569 -95.218765 79.223038 -174.832855 0.016840 0.002483 0.999855 0.982363 0.186211 -0.017008 -0.186011 0.982547 0.001141
-106.07985687 -107.78635406 -84.99633789 -99.359573 79.866234 -172.259857 0.023697 0.030334 0.999259 0.984400 0.173605 -0.028614 -0.174647 0.984272 -0.026602
-107.23409271 -107.98609161 -84.94416046 -93.996490 60.492664 -175.906143 0.035162 0.007538 0.999353 0.870293 0.491337 -0.034327 -0.492212 0.870425 0.009388
-107.59783936 -108.45285034 -84.90962219 -94.655151 13.558515 -178.243927 0.029791 0.073960 0.996816 0.234438 0.968924 -0.078897 -0.971538 0.236641 0.010702
-107.32039642 -108.60491180 -84.95002747 -89.839783 -36.047352 179.879456 -0.001701 -0.004034 0.999990 -0.588454 0.808528 0.002261 -0.807960 -0.589223 -0.004101
-106.22418976 -108.22594452 -84.96990204 -91.759529 -63.988396 179.092010 -0.006950 0.016466 0.999840 -0.898705 0.438346 -0.013466 -0.438211 -0.898794 0.011844
-104.91964722 -108.06382751 -85.03450012 -90.791412 -86.478752 -177.705673 0.002459 0.053755 0.998551 -0.998112 0.061413 -0.000848 -0.061951 -0.996657 0.053256
-103.49906158 -108.16986847 -85.01607513 95.270706 -80.349823 5.788579 -0.016907 0.007617 0.999828 -0.985850 -0.166923 -0.015399 0.166782 -0.985941 0.010211
-102.00937653 -108.02888489 -84.98532104 92.194717 -82.419136 3.236942 -0.007449 0.017696 0.999816 -0.991260 -0.131829 -0.005052 0.132651 -0.990982 0.018950
-100.34718323 -108.16545105 -85.01843262 98.256660 -76.639771 8.203008 -0.032970 -0.004758 0.999445 -0.972937 -0.228677 -0.033184 0.229497 -0.973303 0.003531
-98.64602661 -108.08031464 -85.04955292 92.629730 -80.291382 3.714843 -0.010926 0.018011 0.999778 -0.985678 -0.168460 -0.007737 0.168265 -0.985550 0.019459
-97.04958344 -108.19538116 -85.12467194 103.032806 -81.055023 13.502595 -0.036304 0.005433 0.999326 -0.987838 -0.151481 -0.035063 0.151796 -0.988360 0.010120
-95.48085785 -108.15316772 -85.13686371 104.414047 -82.826752 15.194915 -0.032729 0.011641 0.999396 -0.992173 -0.120939 -0.031084 0.120085 -0.992626 0.016525
-94.10404205 -108.14850616 -85.14216614 116.024986 -85.144760 27.541195 -0.039136 0.024969 0.998922 -0.996412 -0.076056 -0.037136 0.074043 -0.996894 0.026827
-92.57773590 -108.19093323 -85.12886810 102.481628 -79.526588 14.084637 -0.044237 0.024016 0.998732 -0.983339 -0.177483 -0.039287 0.175825 -0.983919 0.031439
-91.19934082 -108.00095367 -85.12812042 110.425278 -85.601120 22.440338 -0.029278 0.034109 0.998989 -0.997054 -0.071877 -0.026767 0.070053 -0.996909 0.035565
-89.92019653 -108.02893829 -85.22039032 91.588142 -76.630928 1.286160 -0.005190 -0.005879 0.999969 -0.972901 -0.231134 -0.006408 0.230024 -0.973179 -0.003539
-89.22207642 -107.55262756 -85.19483948 92.865509 -50.508118 2.198232 -0.024394 -0.020391 0.999494 -0.771715 -0.635174 -0.031793 0.636526 -0.771254 -0.001375
-89.23876190 -107.02444458 -85.27271271 89.835800 1.638679 0.728596 -0.012711 0.002502 0.999916 0.028596 -0.999587 0.002865 0.999478 0.029486 0.013218
-90.03967285 -107.04814148 -85.26464081 89.533813 39.513607 -0.368855 0.004967 0.012232 0.999913 0.636261 -0.771448 0.006277 0.771670 0.635901 -0.012469
-91.35166168 -107.34059906 -85.19035339 92.220901 61.232407 -2.076095 0.017434 -0.006995 0.999824 0.876579 -0.480896 -0.018650 0.481358 0.876523 -0.001326
-92.68664551 -107.28450012 -85.24285889 101.104675 82.490837 -11.975261 0.027116 0.013448 0.999542 0.991424 -0.128238 -0.025170 0.127707 0.991672 -0.016657
-93.99956512 -107.35597992 -85.20915222 126.133377 84.810402 -36.588005 0.053914 0.005961 0.998528 0.995901 -0.073053 -0.053336 0.072819 0.997300 -0.009498
-95.05934143 -107.07579803 -85.18740845 99.589462 66.970299 -10.801035 0.073312 0.006418 0.997288 0.920302 -0.385742 -0.065170 0.383538 0.922848 -0.035343
-95.84148407 -106.42371368 -85.18663788 92.507317 52.589157 -6.711258 0.070999 0.049290 0.996258 0.794300 -0.606945 -0.026577 0.602806 0.793622 -0.082398
-96.47747803 -105.95248413 -85.16655731 90.450424 22.440310 -3.582484 0.057754 0.016005 0.998203 0.381721 -0.924249 -0.007266 0.922245 0.381940 -0.059886
-96.79925537 -105.27385712 -85.23280334 92.342857 8.713470 -1.530073 0.026393 -0.036823 0.998973 0.151493 -0.987632 -0.040407 0.987971 0.153130 -0.021552
-96.89002228 -104.48847961 -85.25530243 90.408127 5.387243 -3.429759 0.059561 -0.001494 0.998224 0.093887 -0.995558 -0.007092 0.993684 0.095223 -0.059375
-97.10546875 -103.80077362 -85.65135193 88.230438 -8.575521 -2.302821 0.039732 0.024866 0.998901 -0.149113 -0.988349 0.030535 0.987997 -0.150322 -0.035572
-97.08695221 -103.18672943 -86.12139130 90.818130 -5.471366 1.180815 -0.020514 -0.012311 0.999714 -0.095348 -0.995342 -0.014213 0.995175 -0.096377 0.018409
-97.08699036 -102.52240753 -86.59380341 90.676773 -6.504263 -0.308407 0.005348 -0.012421 0.999909 -0.113277 -0.993494 -0.011736 0.993423 -0.114249 -0.007617
-97.11550903 -101.79980469 -86.98218536 89.127090 0.462061 -0.954941 0.016666 0.015367 0.999743 0.008064 -0.999851 0.015234 0.999831 0.007006 -0.017014
-97.10633850 -101.13688660 -87.52737427 88.628784 -0.507558 -1.565336 0.027316 0.023679 0.999346 -0.008858 -0.999674 0.023929 0.999584 -0.009115 -0.027344
-97.18465424 -100.48774719 -87.88016510 91.917824 2.373501 -2.510771 0.043770 -0.031621 0.998541 0.041414 -0.998582 -0.033437 0.998115 0.043396 -0.043396
-97.19796753 -99.78443146 -88.36791992 91.105980 4.433184 -1.763353 0.030679 -0.016915 0.999386 0.077296 -0.996822 -0.019244 0.996479 0.078641 -0.029086
-97.34754944 -99.18439484 -88.64545441 91.948601 7.082695 -0.595052 0.010306 -0.032721 0.999411 0.123302 -0.991795 -0.033743 0.992280 0.123898 -0.005482
-97.42130280 -98.49641418 -89.06513977 91.405640 19.383451 1.780012 -0.029301 -0.034825 0.998964 0.331889 -0.943035 -0.023140 0.942411 0.332088 0.039748
-97.86144257 -97.69017029 -89.50868225 99.438568 28.437515 -3.843714 0.058946 -0.132131 0.989478 0.476200 -0.867432 -0.144203 0.877475 0.479472 0.012020
-98.45887756 -96.70977783 -89.50996399 100.298744 58.235485 -8.310852 0.076092 -0.055989 0.995528 0.850219 -0.517948 -0.094115 0.519624 0.854343 0.009448
-99.02770996 -96.40614319 -89.49079895 108.586380 74.670013 -18.308361 0.083049 -0.015446 0.996426 0.964419 -0.250589 -0.084266 0.250127 0.968195 -0.005984
-99.76068878 -96.70454407 -89.45716095 120.673447 77.606476 -30.842901 0.110035 -0.007318 0.993901 0.976697 -0.184597 -0.109490 0.183230 0.982988 -0.012676
-100.47534943 -97.05086517 -89.48174286 -145.823303 83.683601 -123.879341 0.091339 -0.002359 0.995817 0.993930 0.061803 -0.091020 -0.061533 0.998078 0.007300
-101.26522064 -97.53791809 -89.45620728 -102.639542 59.768574 -167.447632 0.109425 0.030363 0.993531 0.863999 0.491292 -0.110173 -0.492573 0.869805 0.028496
-101.58415985 -98.44779968 -89.48647308 -98.640907 42.266888 -172.705444 0.093961 0.064596 0.993478 0.672585 0.731620 -0.111182 -0.734380 0.678214 0.026679
-101.78506470 -99.45416260 -89.53546143 -94.677055 20.694981 -176.356979 0.059440 0.058995 0.996487 0.353393 0.932360 -0.076278 -0.933773 0.356155 0.034968
-101.86679077 -100.25117493 -89.59466553 -91.365341 -0.935126 -178.444580 0.027140 0.024262 0.999337 -0.016320 0.999583 -0.023824 -0.999505 -0.015283 0.027509
-101.65148926 -100.81639862 -89.96624756 -93.420380 -1.807194 177.561676 -0.042523 0.058268 0.997395 -0.031536 0.997722 -0.059632 -0.998566 -0.034578 -0.040865
-101.49063873 -101.42689514 -90.32470703 -92.352333 -5.777051 -178.082489 0.033291 0.044387 0.998460 -0.100658 0.994083 -0.040836 -0.994414 -0.098227 0.038629
-101.50060272 -102.14128876 -90.83428955 -89.664284 -4.851444 -179.242401 0.013175 -0.004741 0.999902 -0.084573 0.996400 0.005838 -0.996366 -0.084365 0.011747
-101.43659210 -102.72724915 -91.19326782 -90.833191 -4.322453 -179.352585 0.011267 0.015392 0.999818 -0.075370 0.997050 -0.014500 -0.997098 -0.075233 0.011656
-101.56330109 -103.39165497 -91.62580109 -87.703911 0.445259 -179.100449 0.015699 -0.040181 0.999069 0.007771 0.999167 0.040062 -0.999831 0.006992 0.016980
-101.49452972 -104.05897522 -92.02281952 -87.920143 2.057608 -178.963974 0.018069 -0.036935 0.999154 0.035904 0.998697 0.036269 -0.999160 0.036015 0.019551
-101.53180695 -104.65563202 -92.48179626 -89.692497 1.343597 -177.815186 0.038113 -0.006257 0.999254 0.023448 0.999711 0.005365 -0.998982 0.023810 0.038303
-101.58761597 -105.17572784 -92.80208588 -91.680359 11.495400 -178.171082 0.031275 0.022951 0.999247 0.199289 0.979519 -0.028735 -0.979580 0.199217 0.027112
-101.98450470 -105.88901520 -93.30173492 -90.124390 29.357325 -176.297363 0.056285 -0.029493 0.997979 0.490255 0.871577 -0.001892 -0.869691 0.489635 0.062418
-102.66848755 -106.48802948 -93.60022736 -88.962349 57.585709 178.804474 -0.011184 -0.000495 0.999937 0.844194 0.535949 0.009707 -0.537389 0.843308 -0.006768
-103.65115356 -106.90318298 -93.57905579 -91.778809 67.528984 178.793549 -0.008048 0.050481 0.998693 0.924073 0.382032 -0.011864 -0.382555 0.922634 -0.048978
-104.68655396 -107.28518677 -93.57503510 -94.003036 80.564491 -176.030457 0.011349 0.001519 0.999934 0.986471 0.163537 -0.011444 -0.162760 0.986665 0.001122
-105.81232452 -107.31624603 -93.53984833 144.000778 87.363342 -54.269161 0.037343 0.004179 0.999294 0.998941 -0.027039 -0.037217 0.027180 0.999618 -0.005033
-107.04598999 -107.20672607 -93.43869781 -124.877907 84.189873 -146.785248 0.055453 0.031332 0.997970 0.994863 0.083048 -0.057888 -0.085431 0.995977 -0.027035
-108.21262360 -107.46337128 -93.43205261 -105.343895 80.133675 -162.483505 0.051573 -0.033617 0.998103 0.985210 0.165242 -0.045341 -0.164074 0.985607 0.040728
-108.77305603 -107.73809052 -93.46714020 -91.428108 32.844776 -174.657288 0.078228 -0.025671 0.996605 0.542365 0.839882 -0.020939 -0.836224 0.542762 0.078351
-108.29787445 -107.93177795 -93.47537231 -89.690849 -10.281386 -177.969864 0.034856 0.000930 0.999392 -0.178483 0.983929 0.005309 -0.983285 -0.178885 0.033906
-107.02761078 -107.80577850 -93.47809601 -91.158386 -45.647789 179.496414 -0.006144 0.013932 0.999884 -0.715056 0.698924 -0.014133 -0.700124 -0.713988 0.006932
-105.68858337 -107.68192291 -93.57727814 -90.826530 -76.974693 -178.091003 0.007508 0.046869 0.998873 -0.974271 0.225358 -0.003251 -0.225317 -0.973127 0.047499
-104.24438477 -107.59201050 -93.61698914 91.150772 -85.285255 2.314209 -0.003319 0.020168 0.999791 -0.996616 -0.082178 -0.001651 0.082584 -0.996376 0.020378
-102.88688660 -107.46668243 -93.60204315 164.056076 -89.578644 75.174911 -0.007109 0.019519 0.999784 -0.999973 -0.002020 -0.007071 0.000997 -0.999820 0.018940
-101.37338257 -107.48763275 -93.60299683 108.472939 -83.132080 19.096376 -0.039122 0.008654 0.999197 -0.992824 -0.113419 -0.037890 0.112583 -0.993570 0.012023
-99.89595032 -107.30191040 -93.62939453 121.091377 -86.638420 32.267258 -0.031305 0.019735 0.999315 -0.998279 -0.050214 -0.030280 0.049041 -0.998556 0.021912
-98.44812012 -107.39059448 -93.68539429 115.687775 -83.357567 25.236681 -0.049318 -0.010452 0.998728 -0.993287 -0.104241 -0.050140 0.104515 -0.994509 -0.005387
-96.90342712 -107.36648560 -93.75167084 114.174095 -86.124252 24.932371 -0.028494 0.012354 0.999518 -0.997713 -0.061666 -0.027680 0.061786 -0.997997 0.013614
-95.51822662 -107.52174377 -93.79521942 -144.281815 -88.805801 126.418991 -0.016771 0.012333 0.999783 -0.999783 0.012167 -0.016921 -0.013011 -0.999831 0.013011
-94.03391266 -107.63288116 -93.78225708 116.258636 -86.212669 26.594126 -0.029570 0.004979 0.999550 -0.997816 -0.059237 -0.029224 0.059208 -0.998219 0.007271
-92.81603241 -107.51239014 -93.75231171 110.520432 -81.043701 21.643097 -0.057419 0.015381 0.998232 -0.987807 -0.145803 -0.054573 0.145811 -0.989028 0.023737
-91.78144836 -107.58123779 -93.82031250 92.492821 -57.702156 4.503681 -0.041957 0.022951 0.998856 -0.845282 -0.533815 -0.023240 0.533864 -0.844477 0.042986
-91.84568787 -107.40119171 -93.79498291 94.144836 -21.937012 1.060168 -0.017163 -0.065371 0.997713 -0.373587 -0.925169 -0.067045 0.927111 -0.374681 -0.008951
-92.71032715 -107.24979401 -93.78525543 94.073074 10.384705 -1.967942 0.033778 -0.064812 0.997326 0.180257 -0.981135 -0.069865 0.983090 0.181796 -0.022001
-93.60494995 -106.96573639 -93.80970001 95.942848 46.709740 -4.889748 0.058448 -0.041449 0.997430 0.727889 -0.682010 -0.070994 0.683029 0.730326 -0.009738
-94.47182465 -106.68471527 -93.82968903 97.213943 59.006969 -6.203630 0.055645 -0.032938 0.997907 0.857230 -0.510858 -0.064663 0.512919 0.858436 -0.001339
-95.50027466 -106.41761780 -93.76699829 93.628853 43.901981 -3.777310 0.047467 -0.017565 0.998718 0.693427 -0.719082 -0.045604 0.719460 0.694216 -0.021037
-96.37228394 -105.79959869 -93.76759338 93.969002 33.976040 -5.477208 0.079154 -0.015687 0.996739 0.558846 -0.827282 -0.057399 0.824756 0.562526 -0.057803
-97.14055634 -105.21736145 -93.76760864 93.099281 8.733675 -1.838901 0.031717 -0.049173 0.998287 0.151842 -0.986959 -0.053439 0.987866 0.153466 -0.023872
-97.37390900 -104.39428711 -93.85778809 90.206467 -3.380986 -1.951656 0.033997 -0.005610 0.999406 -0.058975 -0.998253 -0.003597 0.997665 -0.058561 -0.035137
-97.51879883 -103.78540039 -94.14400482 89.779739 -14.411386 -1.468699 0.024824 -0.002536 0.999689 -0.248882 -0.968527 0.003723 0.968313 -0.248441 -0.025450
-97.63933563 -103.13168335 -94.40250397 89.090530 -13.510562 -1.519578 0.025785 0.009672 0.999621 -0.233625 -0.972204 0.015433 0.972037 -0.233720 -0.022773
-97.67317963 -102.51347351 -94.88579559 91.688637 -10.300149 -0.324289 0.005569 -0.030479 0.999520 -0.178805 -0.983457 -0.028993 0.984055 -0.177565 -0.010310
-97.76401520 -101.84195709 -95.21109009 90.105103 -8.760417 -0.711510 0.012273 -0.003726 0.999918 -0.152303 -0.988332 -0.001813 0.988283 -0.152130 -0.012396
-97.66542816 -101.21550751 -95.66366577 89.400711 -4.649728 -1.037748 0.018052 0.008990 0.999797 -0.081064 -0.996654 0.010425 0.996606 -0.080285 -0.018198
-97.71855164 -100.55339813 -96.06002808 89.493401 -5.866418 -2.393040 0.041536 0.004566 0.999127 -0.102210 -0.994724 0.008795 0.993805 -0.103267 -0.041085
-97.63370514 -99.91815948 -96.53504181 90.236542 -3.124082 -1.556252 0.027118 -0.005607 0.999617 -0.054499 -0.998505 -0.004122 0.998206 -0.053758 -0.026352
-97.81251526 -99.28273010 -96.93335724 91.803604 0.543724 0.453364 -0.007912 -0.031548 0.999471 0.009490 -0.999460 -0.031472 0.999920 0.008937 0.008937
-97.94773865 -98.58903503 -97.38681030 91.118477 17.133871 0.768805 -0.012822 -0.023470 0.999642 0.294605 -0.955437 -0.018654 0.955694 0.293774 0.018593
-98.33505249 -98.05031586 -97.68588257 99.347725 24.787819 -1.899502 0.030093 -0.148624 0.988436 0.419259 -0.895811 -0.147461 0.907492 0.418536 0.035874
-98.86556244 -97.33229828 -97.74131012 101.419724 47.013123 -6.537845 0.077633 -0.115067 0.990320 0.731510 -0.668333 -0.134999 0.677982 0.734363 0.032419
-99.28698730 -96.96803284 -97.71772003 105.315262 70.469261 -12.349747 0.071502 -0.063604 0.995410 0.942462 -0.322440 -0.088302 0.325964 0.944655 0.037070
-100.01152802 -97.31555939 -97.71398926 -158.867538 83.437225 -107.888550 0.108766 -0.054338 0.992581 0.993447 0.041205 -0.106606 -0.035137 0.997665 0.058561
-100.76840973 -97.86931610 -97.75852966 -97.138100 64.136803 -172.111832 0.059867 0.000549 0.998206 0.899838 0.432843 -0.054206 -0.431600 0.901712 0.025232
-101.41088104 -98.56627655 -97.78086853 -92.994354 34.776897 -176.240997 0.053850 0.014782 0.998440 0.570382 0.820258 -0.042907 -0.819585 0.571901 0.034787
-101.49316406 -99.42478180 -97.79278564 -94.625412 23.253981 -175.003235 0.080024 0.046059 0.995728 0.394808 0.915772 -0.074090 -0.915119 0.399446 0.054774
-101.50289917 -100.20302582 -97.84144592 -91.847282 12.731840 -178.298309 0.028966 0.025680 0.999250 0.220388 0.974905 -0.031443 -0.975175 0.220278 0.022623
-101.57822418 -100.82607269 -98.27439880 -91.745216 0.021301 -178.496094 0.026245 0.030435 0.999192 0.000372 0.999536 -0.030455 -0.999633 0.001003 0.027071
-101.45014191 -101.35006714 -98.63265991 -94.815681 -1.039685 -178.340652 0.028952 0.084439 0.996008 -0.018145 0.996306 -0.083937 -0.999444 -0.015313 0.029606
