# Cameras (297)															
"# PhotoID, X, Y, Z, Omega, Phi, Kappa, r11, r12, r13, r21, r22, r23, r31, r32, r33"															
video_0000_000000	-43.23109436	59.62513351	37.55098724	-71.42297263	22.0562853053177257	-169.7506127	-0.912025844	0.2935855444942632	0.2863850359445402	0.1649110665234806	-0.376831085	0.9114837757165495	0.3755172444602732	0.8785248211180013	0.2952641830506159
video_0000_000012	-43.19757843	59.45464325	37.49004364	-62.6690725	21.6386066697079649	-173.670503	-0.923862131	0.2749731031156323	0.2662114878462286	0.1024767754073590	-0.492445624	0.8642891981534930	0.3687509650163001	0.8257645548857484	0.4267735063167462
video_0001_000024	-43.30107498	59.15414047	37.48726654	-60.97792717	28.1604969763046746	-173.5682556	-0.87608008	0.3557392052461510	0.3254739791002309	0.0987596510417688	-0.528321508	0.8432810420354684	0.4719430310393499	0.7709254194675084	0.4277192689980636
video_0001_000036	-43.46810532	58.56281662	37.55503464	-59.29764323	25.2205583539219376	-172.865081	-0.897668807	0.3001234029261406	0.3226711273960310	0.1123661767247845	-0.552130951	0.8261508670779053	0.4261039260171708	0.7778671839468186	0.4619070126891340
video_0002_000048	-43.54049683	57.94560242	37.58766556	-67.29661086	25.5342655973124444	-170.7508376	-0.890596239	0.3304462464362202	0.3124797869422922	0.1450294431819475	-0.444856324	0.8837812577615667	0.4310508086544110	0.8324110337906960	0.3482629339764476
video_0002_000060	-43.6374855	57.21066666	37.6319809	-72.64292633	18.5509706336922733	-168.8929976	-0.930283369	0.2405031228788432	0.2770037929368298	0.1826324144329182	-0.351235714	0.9183021692990804	0.3181481645621561	0.9048711073001050	0.2828250776703046
video_0003_000072	-43.61627197	56.28616714	37.61148834	-67.61831096	20.6822677818691325	-170.9114855	-0.923807968	0.2623317936308922	0.2788563572496368	0.1477801318734085	-0.427580917	0.8918158960592987	0.3531853204078788	0.8650760601767745	0.3562352306516212
video_0003_000084	-43.71032715	55.35821915	37.63452148	-69.5541127	24.5428765936744036	-167.7913593	-0.889078038	0.3065322594331933	0.3399679638736645	0.1923658290478790	-0.423728683	0.8851267657062489	0.4153740848299829	0.8523449873623145	0.3177615334964107
video_0004_000096	-43.69782639	54.43516159	37.63945007	-69.34135112	26.3256090055791994	-168.3061405	-0.877685427	0.3348372486104346	0.3428590198321701	0.1816618187318497	-0.42958139	0.8845670202774392	0.4434718414424065	0.8386559763636487	0.3162101819316017
video_0004_000108	-43.64730453	53.46879196	37.64286804	-70.20641906	20.7180046898273282	-167.7456616	-0.914021383	0.2534079748308038	0.3167795911250135	0.1985259691788927	-0.401568496	0.8940526732630315	0.3537687813003874	0.8800722364097973	0.3167341283756727
video_0005_000120	-43.57800674	52.40501022	37.63785934	-67.07991307	25.2909824767357883	-167.9776302	-0.884318495	0.3037365679297709	0.3545770678778398	0.1883285896432525	-0.462865583	0.8661915459174477	0.4272155686367081	0.8327662032035870	0.3521183163601356
video_0005_000132	-43.50411606	51.40592575	37.68336105	-73.37207245	20.4883045856216057	-165.2704801	-0.905959339	0.2516011883848333	0.3404915825613134	0.2381729445401490	-0.362023857	0.9012282591546215	0.3500161771702033	0.8975720409043133	0.2680542988016109
video_0006_000144	-43.45258713	50.36974716	37.64171982	-71.03212024	22.9079627324310700	-169.3149684	-0.905160069	0.3014680175235095	0.2996702929939151	0.1707868694020955	-0.387654638	0.9058453106567920	0.3892519689512765	0.8711147547880892	0.2994027198574553
video_0006_000156	-43.37062454	49.28531647	37.652668	-70.14532938	21.5893609931411632	-166.9038752	-0.905660765	0.2601222281298521	0.3348357882754891	0.2106892922257732	-0.409218694	0.8877781720042330	0.3679519001428171	0.8745721736818157	0.3158083472657976
video_0007_000168	-43.33761597	48.29710007	37.64200592	-71.67329284	23.7567818175184335	-169.737978	-0.900622637	0.3202877554609918	0.2937594582544626	0.1630542611847541	-0.37753352	0.9115271522045580	0.4028550279215705	0.8688407190034418	0.2877909510041852
video_0007_000180	-43.23584366	47.25465393	37.67483902	-72.65682287	24.0427375119089746	-167.3099003	-0.890933616	0.3139108989916725	0.3281725766116971	0.2006188033586582	-0.376244184	0.9045398884652678	0.4074179528256704	0.8717225829242115	0.2722321621985202
video_0008_000192	-43.22243881	46.28704453	37.69621277	-76.42753517	27.3261033345668451	-164.1262769	-0.854530383	0.3650305548829620	0.3695003630229675	0.2429957343083416	-0.347779374	0.9055399383148026	0.4590543512267558	0.8635984024864010	0.2084871742882980
video_0008_000204	-43.25999069	45.2274437	37.6817894	-72.54465818	32.3498410902856506	-170.6665472	-0.833612586	0.4550416139491072	0.3130929358748941	0.1370091094831861	-0.378775526	0.9152909946256572	0.5350874328918527	0.8058946770507871	0.2534071993105467
video_0009_000216	-43.28533936	44.27622604	37.66728592	-73.12028337	38.4629341462919925	-168.1190235	-0.766236582	0.5226791230488902	0.3737486245828194	0.1612056870595336	-0.406684499	0.8992332539258487	0.6220082206115686	0.7492758189313523	0.2273576931981447
video_0009_000228	-43.16302872	43.36203384	37.64715958	-73.4314664	43.0385776795304622	-165.7226159	-0.708319319	0.5636227722976415	0.4249860153289000	0.1802506053991917	-0.437679229	0.8808783183197751	0.6824906313868637	0.7005471168880585	0.2084233074514204
video_0010_000240	-43.00899506	42.53142929	37.66550446	-75.29016003	33.4824635813561642	-167.0832997	-0.81294986	0.4633370136861777	0.3527482618091548	0.1864397741621475	-0.366776626	0.9114357450930968	0.5516817334943875	0.8067178680129847	0.2117865584904110
video_0010_000252	-42.7269516	41.68171692	37.66012192	-73.88968024	25.7607768576418188	-165.5116039	-0.871975398	0.3348453403393892	0.3571239330806746	0.2253197722483283	-0.373126671	0.9000041596629595	0.4346146635353814	0.8652485684643850	0.2499100018213760
video_0011_000264	-42.42969131	40.83069611	37.64469147	-69.56567131	17.0546692328424285	-165.4584811	-0.925399988	0.1783636977334548	0.3343968495966171	0.2400402780264673	-0.406953757	0.8813451675376217	0.2932840374351627	0.8958655204592880	0.3337805306454217
video_0011_000276	-42.12407303	39.99035263	37.625	-67.66901491	11.6977423779598944	-166.8175242	-0.953426795	0.0959511908499898	0.2859557914250315	0.2233166045903920	-0.412713965	0.8830610837148756	0.2027487109435362	0.9057927756567398	0.3720650585298141
video_0012_000288	-41.97335052	39.16089249	37.62092209	-70.33262176	20.4535009284097598	-166.9289476	-0.912679895	0.2444193555414965	0.3275279955136137	0.2119012376575159	-0.402259251	0.8906656840237533	0.3494470985538428	0.8822962506182190	0.3153411667659870
video_0012_000300	-41.77528763	38.35664368	37.61891937	-69.80637974	24.6417869412169388	-166.2531681	-0.882896093	0.2980766166191592	0.3628289133063838	0.2159915575307928	-0.428294706	0.8774458910274602	0.4169438053043105	0.8530615307411453	0.3137576899263755
video_0013_000312	-41.61046982	37.51040268	37.5947113	-70.00919969	27.2195313523825781	-167.4515743	-0.868018494	0.3452976816379659	0.3568100406678962	0.1932049081282331	-0.427092323	0.8833255410442146	0.4574010904459464	0.8356803569794726	0.3040108277965123
video_0013_000324	-41.48720932	36.70051956	37.57992172	-72.35697499	33.7692794078109841	-169.4011693	-0.817100195	0.4649204971110920	0.3408756416182434	0.1528988853006982	-0.395343932	0.9057180059179665	0.5558499820603376	0.7921818646852434	0.2519497781450372
video_0014_000336	-41.75784683	36.14915085	37.58216095	-71.1450445	55.6496977828570252	-176.2841677	-0.563064898	0.7587143957437750	0.3275826405202384	0.0365680164852894	-0.373128745	0.9270586388024419	0.8256032345196962	0.5339732252642108	0.1823510182355782
video_0014_000348	-42.20793533	35.61446381	37.56087875	-71.69729048	68.1135877997415662	-174.454513	-0.371023104	0.8465110765147368	0.3817863980831588	0.0360227697883606	-0.397702097	0.9168071781671171	0.9279246825471481	0.3539096483847798	0.1170629928710871
video_0015_000360	-42.86907959	35.14540482	37.53969193	-67.48889376	74.8505842282667544	179.8481911452589657	-0.261336184	0.8927121662471587	0.3671081413230104	-0.000692429	-0.38049855	0.9247812572311542	0.9652475950417527	0.2414246081446174	0.1000561784615564
video_0015_000372	-43.66070175	34.72779465	37.56079483	-77.24138278	71.8290436058405533	-171.2973312	-0.308262914	0.8825865595381219	0.3549858317152644	0.0471855493841977	-0.358513146	0.9323314046093614	0.9501302540837379	0.3041533971768430	0.0688709754581543
video_0016_000384	-44.51188278	34.35273743	37.56290817	-79.20713065	67.4551168280250408	-168.9964963	-0.376358303	0.8548207395263903	0.3572617125590452	0.0731805277035316	-0.356980771	0.9312407526074226	0.9235794705113898	0.3766247897143273	0.0717964443586180
video_0016_000396	-45.32012558	33.93431473	37.56006241	-75.18214229	56.0031566437391248	-167.4071487	-0.545696366	0.7264574715024336	0.4177020683861492	0.1219061038607401	-0.424338305	0.8972602211557364	0.8290683793736624	0.5405520740180707	0.1430002713196442
video_0017_000408	-46.03464127	33.48022842	37.56059647	-71.83756606	46.8519719236186276	-167.5946268	-0.667918323	0.6100889006468837	0.4262354362012956	0.1469170340488930	-0.453360519	0.8791357260711862	0.7295892672404851	0.6498121059628793	0.2131753458343157
video_0017_000420	-46.52985001	32.82670212	37.5438385	-65.19186322	35.9369055622895388	-168.6819269	-0.793918084	0.4400289456436832	0.4196052940145178	0.1589009320777100	-0.515973311	0.8417375103241053	0.5868940019749189	0.7349463038191950	0.3397195327742689
video_0018_000432	-46.82959366	32.13415909	37.55963135	-68.00201676	27.9375045114001885	-166.2634651	-0.858190359	0.3330292504629523	0.3906415567660578	0.2097840977942024	-0.467011805	0.8590055915895205	0.4685082068109345	0.8191407036678581	0.3309207877201575
video_0018_000444	-46.96256256	31.31600761	37.56406021	-68.71036557	19.2162013910449652	-167.2532568	-0.921011348	0.2190033085865059	0.3221422780045405	0.2083485588675042	-0.421799297	0.8824263318143084	0.3291336726432363	0.8798425449417557	0.3428529154649118
video_0019_000456	-47.03305435	30.43908501	37.58249664	-70.61060454	18.7413284094471990	-169.4744863	-0.931044582	0.2373288387320502	0.2771840699408585	0.1729877828096447	-0.381763893	0.9079270658993842	0.3212961458241997	0.8932700332487136	0.3143842145820256
video_0019_000468	-47.04686356	29.52524567	37.59576797	-70.63020926	18.5912643873144710	-168.2580845	-0.927983197	0.2269805312421077	0.2955114634850501	0.1928841814041712	-0.385931044	0.9021379728005001	0.3188148038878811	0.8941683666075444	0.3143565698062129
video_0020_000480	-47.07102203	28.65073395	37.60227966	-73.01113033	18.1154938493989697	-166.510175	-0.924210568	0.2210019128185658	0.3114369593101852	0.2217097457376589	-0.353491998	0.9087839106354156	0.3109334554832938	0.9089563037436901	0.2777027622221782
video_0020_000492	-47.11527252	27.7290535	37.58156967	-70.26058035	16.9526577146497495	-167.4368531	-0.933643306	0.1944121928237519	0.3008555738292359	0.2080635631043728	-0.3893529	0.8972813787380154	0.2915814307032790	0.9003378355945847	0.3230666356433109
video_0021_000504	-47.20199966	26.84021759	37.56056213	-70.78306439	19.0563288862023015	-168.6890688	-0.926839706	0.2377602803988660	0.2905825329845880	0.1853847433533240	-0.383221681	0.9048611166385259	0.3264975594746593	0.8925307796021100	0.3111079412678845
video_0021_000516	-47.25125504	25.90210915	37.54668808	-71.83217532	17.9762840849821472	-169.7251309	-0.935930551	0.2329188391936686	0.2641643768968167	0.1696633689581016	-0.359106135	0.9177456755409337	0.3086233058380336	0.9037652339457254	0.2965806079375927
video_0022_000528	-47.28998184	24.97775459	37.55223846	-72.1699237	11.8413112240911147	-167.0829433	-0.953952884	0.1219554731155593	0.2740451730750116	0.2187832817992369	-0.342114335	0.9138334952746269	0.2052017785344675	0.9317106010225737	0.2996791384605306
video_0022_000540	-47.18831635	24.06666374	37.55391312	-70.56523247	4.2202171032440239	-163.4258306	-0.955852503	-0.028400658	0.2924711871966800	0.2844828464204013	-0.338704708	0.8968548549091780	0.0735900999776472	0.9404639936221260	0.3318312430823867
video_0023_000552	-47.12492371	23.17757607	37.54515839	-70.00430524	1.8027630579112941	-164.0438386	-0.960996427	-0.065578954	0.2686731638899128	0.2747657221155261	-0.336901809	0.9005559220798803	0.0314589597037017	0.9392531988990618	0.3417802835335018
video_0023_000564	-46.9965744	22.28699684	37.54494476	-67.8771202	-3.664970891	-161.7558196	-0.947788621	-0.17413875	0.2671561832333056	0.3124270846204147	-0.339124541	0.8873465288288587	-0.063922197	0.9244837700901674	0.3758240433175986
video_0024_000576	-47.0242691	21.36676788	37.52851868	-68.947098	-1.286372537	-163.4057412	-0.95810967	-0.122671713	0.2588001371813158	0.2855203632235768	-0.338284842	0.8966836051281232	-0.02244955	0.9330139422392441	0.3591392505552192
video_0024_000588	-47.10071564	20.41669464	37.54052734	-73.52996072	13.6664756317523999	-164.196497	-0.934959049	0.1407989014062725	0.3256182533949138	0.2646284828116261	-0.334502722	0.9044775813230667	0.2362696418628182	0.9318173632177043	0.2754869469503434
video_0025_000600	-47.16110611	19.51937866	37.54243469	-77.40579532	20.6014478377441321	-165.4082514	-0.905858764	0.2773908755788292	0.3201159207757923	0.2358192311477801	-0.297524113	0.9251317163840445	0.3518653020821925	0.9135281629946770	0.2041007217189075
video_0025_000612	-47.16321564	18.54466438	37.54029465	-75.59746753	21.8902899914985163	-166.3011159	-0.901504175	0.2919362703901837	0.3194736855587703	0.2197444280873637	-0.327175748	0.9190584400469989	0.3728305353084587	0.8987375834623446	0.2307989341697088
video_0026_000624	-47.17524719	17.56551552	37.54014969	-75.42465382	21.9717352608733023	-165.1568972	-0.89642313	0.2855582205174853	0.3389425840994389	0.2375667937993728	-0.336017846	0.9114022302847216	0.3741491562265030	0.8975235426321504	0.2333750186203117
video_0026_000636	-47.12893295	16.6220932	37.53987503	-75.29071122	24.4762518226386767	-165.3883247	-0.880697357	0.3237225619351294	0.3457974371013728	0.2295961265398284	-0.346795253	0.9094056691952247	0.4143160427615959	0.8803049218200836	0.2310962166062184
video_0027_000648	-47.09062195	15.67019749	37.55345535	-74.59102484	23.0058922327216457	-164.7271963	-0.887956212	0.2934789916262714	0.3541240564669351	0.2424643637569351	-0.355571844	0.9026514810962581	0.3908257900938913	0.8873774537880436	0.2445740303182961
video_0027_000660	-47.04098511	14.72861767	37.5315361	-72.3861686	23.4800240794329476	-167.0896625	-0.894013074	0.3025415742218148	0.3304681833979727	0.2049260957546827	-0.379796549	0.9020864019822822	0.3984293157508776	0.8741985914138637	0.2775444164819469
video_0028_000672	-47.05826569	13.79936504	37.53359985	-73.62783088	24.7050896001280549	-168.2659619	-0.889485978	0.3352956481407962	0.3104698426145774	0.1847548431048762	-0.35753591	0.9154418174086699	0.4179477751879647	0.8716334673755011	0.2560756836686993
video_0028_000684	-47.0087204	12.86641216	37.52469635	-72.3627937	28.5795123643705722	-168.0892735	-0.859247751	0.3835430698463347	0.3385085180901841	0.1812399131796593	-0.390555772	0.9025620659340846	0.4783778810912899	0.8368756792770495	0.2660708558207472
video_0029_000696	-47.09205246	11.92139912	37.51809692	-73.49662359	32.0640886765947002	-166.1051671	-0.822656718	0.4258860086519335	0.3766391277504159	0.2035082234828012	-0.39799026	0.8945323671285382	0.5308675238634804	0.8125422207493203	0.2407380560003351
video_0029_000708	-47.17338943	10.95482731	37.49894714	-69.83871266	34.7845301463622008	-167.7186109	-0.802507516	0.4499651832463725	0.3918073762233724	0.1747018902591945	-0.450691668	0.8754177687547287	0.5704918366960647	0.7709788286183357	0.2830736831382424
video_0030_000720	-47.31420517	9.9827795	37.49532318	-70.57231746	33.8653897760494971	-168.8681171	-0.814726346	0.4514102964277859	0.3639364314859844	0.1603138199259170	-0.427818941	0.8895338291313769	0.5572436280699266	0.7830706853837320	0.2761880530872360
video_0030_000732	-47.40911102	9.00720119	37.49459076	-70.40425968	36.2774539415434987	-167.2071908	-0.786149962	0.4693272405772390	0.4021196070649513	0.1785051352367560	-0.450485162	0.8747565578376516	0.5916959978130863	0.7594702496069373	0.2703715704987357
video_0031_000744	-47.49537659	8.04049015	37.49834061	-72.66244673	32.4360469258388520	-163.6229297	-0.809747325	0.4071923500181026	0.4224969352947485	0.2379695085155872	-0.430268878	0.8707693183665622	0.5363578872950128	0.8056445139628599	0.2515097092717855
video_0031_000756	-47.58993149	7.0597887	37.47160721	-70.48291043	35.1743150654285657	-165.6068955	-0.791747457	0.4428788790968095	0.4207068613970957	0.2031846302923705	-0.458568942	0.8651187960173919	0.5760659430912350	0.7704367746022919	0.2730846124387523
video_0032_000768	-47.67686462	6.11274052	37.48492432	-72.28725142	34.7835914967584898	-165.9422457	-0.796715434	0.4532580022370083	0.3997520480790022	0.1994966983823566	-0.427133376	0.8819059738581496	0.5704783815972168	0.7823773148553506	0.2498802779931870
video_0032_000780	-47.69529724	5.2176466	37.48550415	-72.27676747	33.7005727438602847	-167.2845672	-0.81154528	0.4485512110504939	0.3744276556527819	0.1831193351041278	-0.413285163	0.8919992618734857	0.5548527438550925	0.7924627342260053	0.2532612238372054
video_0033_000792	-47.71141434	4.25433064	37.47971344	-69.17787714	25.8238730120108073	-169.812386	-0.885945663	0.3378645096719184	0.3177229215145501	0.1592090710052981	-0.421878036	0.8925645041862305	0.4356061907976247	0.8413480228346266	0.3199699220411942
video_0033_000804	-47.70186234	3.32596111	37.48669434	-69.43086781	28.7124120211594942	-166.7308454	-0.85362735	0.3571375253425920	0.3791742799524210	0.2013037824083567	-0.445195134	0.8725125100280831	0.4804135029049001	0.8211297589051231	0.3081376076804944
video_0034_000816	-47.77240753	2.39783192	37.5058136	-70.01575873	24.8761167739367615	-167.0067585	-0.883991532	0.3083663533852627	0.3513817919823936	0.2039756964864278	-0.421895532	0.8834014234802003	0.4206576837284201	0.8525927233233012	0.3100528362334361
video_0034_000828	-47.83051682	1.46311843	37.47101593	-69.49747883	34.3051273249083764	-167.3527297	-0.806005014	0.4384046749973577	0.3976899023717140	0.1808617919275442	-0.457333085	0.8707097457113705	0.5635999731447119	0.7737233291018585	0.2893221047117165
video_0035_000840	-47.87834549	0.47786415	37.46834564	-71.2000154	33.0368757974503282	-168.8620586	-0.822530075	0.4441198460077181	0.3552489814449361	0.1619397050487209	-0.415890151	0.8948803910665278	0.5451786939750278	0.7935949500650374	0.2701615199597347
video_0035_000852	-47.86159515	-0.47428811	37.45746231	-72.69482756	40.4296723528777093	-167.1620791	-0.742174404	0.5375870966698558	0.4002215234221230	0.1691345233630236	-0.427598498	0.8880050884954063	0.6485141997851799	0.7267459237457385	0.2264281232443114
video_0036_000864	-47.93432999	-1.42325509	37.43880844	-76.32620258	46.1562523412600285	-166.8607723	-0.674559724	0.6287070348891132	0.3869065045494384	0.1574618911484172	-0.389507377	0.9074633634422630	0.7212315382855143	0.6730612657365748	0.1637485900622997
video_0036_000876	-48.18149567	-2.25794315	37.42815781	-75.97711855	62.8283496161375083	-175.7366721	-0.455394184	0.8427284892337297	0.2870972491863447	0.0339481526028864	-0.305804383	0.9514889395587780	0.8896424337852719	0.4430489505705574	0.1106524622724063
video_0037_000888	-48.58350372	-3.0261488	37.41056824	-80.76314072	77.2751270158220649	-172.0867317	-0.218172184	0.9315237330610489	0.2909715327406662	0.0303253900558876	-0.291538866	0.9560781663913559	0.9754390133880246	0.2174134868776700	0.0353568505991486
video_0037_000900	-49.10267258	-3.62362576	37.41744995	114.0844058024664349	83.3236842858239299	-10.05926809	0.1144729834536204	0.9640937904461435	0.2396228271313374	0.0203067929961524	-0.243428915	0.9697061396412641	0.9932187927226503	-0.106139184	-0.047443687
video_0038_000912	-49.82403946	-4.13672161	37.42148972	112.0581304349363876	76.4860795322182412	-9.046847805	0.2307746267300719	0.9489847177138532	0.2148745615543052	0.0367445611763519	-0.22917779	0.9726907925831246	0.9723131742815962	-0.216576883	-0.087758446
video_0038_000924	-50.59710693	-4.38316631	37.39328003	103.6094271398587097	62.9622199564594780	-3.739602997	0.4536100196910143	0.8792015869769582	0.1457481371857511	0.0296485058730493	-0.17833842	0.9835224319445487	0.8907069754612982	-0.441814415	-0.106963108
video_0039_000936	-51.51498032	-4.46974277	37.38055038	102.8087240722324225	55.4329804095468575	-1.641160188	0.5671371041126093	0.8089916770761310	0.1545573406872431	0.0162493202596803	-0.19860914	0.9799440643237168	0.8234630925122642	-0.553251187	-0.125784177
video_0039_000948	-52.3373909	-4.38412762	37.38729095	103.0374099433301041	46.1782593965069026	-2.603060176	0.6917025188533129	0.7124195451878860	0.1183470195918281	0.0314470477896486	-0.193431301	0.9806097159456367	0.7214975458012995	-0.674568546	-0.15620041
video_0040_000960	-53.17408752	-4.1060915	37.40150833	107.6652401350985855	44.2736088265891041	-8.180095032	0.7087294273624007	0.7015773766672653	0.0741065674501387	0.1018781526626891	-0.205724159	0.9732925626159503	0.6980855540695577	-0.68225124	-0.217278172
video_0040_000972	-54.02832031	-3.79224682	37.3984108	104.2055423653514197	41.1815575575242931	-6.21091072	0.7482092558031617	0.6611159553218939	0.0557548486617889	0.0814257006346478	-0.174902518	0.9812130066001994	0.6584472376786437	-0.729612776	-0.184695513
video_0041_000984	-54.90249252	-3.43925381	37.39321899	103.0748665061295242	41.1999739726603167	-4.287709327	0.7503093442694614	0.6567306477856890	0.0757676986645407	0.0562541847579801	-0.177620819	0.9824898530320088	0.6586891183245295	-0.732909067	-0.170214408
video_0041_000996	-55.80493546	-3.16670132	37.36883163	100.8783180903167960	39.4234170913692594	-0.79629389	0.7723994895612828	0.6261971884325641	0.1061890282685641	0.0107354608363526	-0.180038646	0.9836009535520700	0.6350462805230037	-0.758592886	-0.145784274
video_0042_001008	-56.73755646	-2.96998119	37.35141754	99.8828497429552158	41.2835690048702446	0.6648346010560332	0.7514027863746487	0.6479601816010188	0.1246653748560084	-0.008719333	-0.179164754	0.9837804450545926	0.6597861970795253	-0.740302367	-0.128975115
video_0042_001020	-57.57749176	-2.87026691	37.39616013	99.8973936460231471	44.6040345212165548	-1.370809597	0.7117728392561529	0.6956663906985693	0.0970963343780838	0.0170325154536463	-0.155286401	0.9877226468038147	0.7022031890518275	-0.701380358	-0.122377591
video_0043_001032	-58.40472794	-2.74037075	37.48101425	97.7268630324238075	50.5580042850690603	-0.024991877	0.6352966677177018	0.7653147201434470	0.1033998216562367	0.0002771104172635	-0.134116981	0.9909654678898512	0.7722681316722845	-0.629528406	-0.085416148
video_0043_001044	-59.17838669	-2.68436146	37.48475647	98.2021864620931524	48.6797587600647930	0.4849009825833456	0.6602433851029440	0.7421144570358027	0.1155197173051505	-0.005587852	-0.148952566	0.9888285538252004	0.7510309236928502	-0.653513019	-0.094198121
video_0044_001056	-60.01298523	-2.49226665	37.50060654	100.7145300609034990	51.4702959962048041	-2.039077257	0.6225258446086868	0.7747750829251178	0.1103863382516995	0.0221641887739852	-0.158448779	0.9871183987781921	0.7822853197716501	-0.612060091	-0.115810721
video_0044_001068	-60.87926102	-2.28659153	37.48721695	99.6079335395338319	47.1851262615271239	1.3536719918112659	0.6794420816759945	0.7191190658157646	0.1456922332454741	-0.016055509	-0.183944959	0.9828054094688700	0.7335534597351369	-0.670098516	-0.113434123
video_0045_001080	-61.78030014	-2.00263882	37.49309921	102.2387143801912259	46.0849281939902369	-3.211643792	0.6925019921535531	0.7147674271371709	0.0977165081604424	0.0388580456417041	-0.172211234	0.9842933217698235	0.7203686855716785	-0.677828014	-0.147031088
video_0045_001092	-62.67449188	-1.7482425	37.50865555	100.5081416215054446	40.5577638581930984	-5.924502944	0.7556928187617682	0.6547192841255008	0.0164627660520763	0.0784198992058432	-0.115412928	0.9902172365369667	0.6502143362618507	-0.747009046	-0.138559741
video_0046_001104	-63.5439682	-1.46184075	37.49045944	100.8320377419191374	41.9401366724425202	-7.26151533	0.7378775876362290	0.6749344136530907	0.0004504785210832	0.0940205882338978	-0.103449667	0.9901809407705359	0.6683537945222510	-0.73058997	-0.139790921
video_0046_001116	-64.42317963	-1.17312157	37.47394943	97.0408300940808886	42.1819554073182132	-3.896560579	0.7393031470623271	0.6732128109831862	0.0146754172634479	0.0503560463823810	-0.077006185	0.9957581614568576	0.6714872488264202	-0.735428146	-0.09083125
video_0047_001128	-65.22934723	-0.84163964	37.51724243	101.9713091069725834	43.9849141558381334	-4.018971753	0.7177532975502208	0.6922322523693070	0.0751313026341273	0.0504290296624452	-0.159297253	0.9859418329721624	0.6944689459026148	-0.703874203	-0.14924473
video_0047_001140	-66.06394958	-0.54017746	37.48836136	98.1773576105543384	43.9584041675926329	-0.185263814	0.7198401586679097	0.6875346715326650	0.0955312588079389	0.0023275850210564	-0.140015396	0.9901465907598691	0.6941359580924537	-0.712524922	-0.102389
video_0048_001152	-66.85601807	-0.09206688	37.48210144	97.5224058490150156	40.4749636837826401	-1.486770617	0.7604335879142532	0.6467093176807255	0.0592268249764100	0.0197369536574396	-0.114172725	0.9932648395332250	0.6491157146704891	-0.754142989	-0.099584847
video_0048_001164	-67.69007111	0.29230583	37.43386841	98.6722575032137286	41.3818656259101161	-3.556200831	0.7488755507121492	0.6616106267969941	0.0381678929843393	0.0465405474220426	-0.109955803	0.9928462613960264	0.6610744186483334	-0.741741936	-0.113134933
video_0049_001176	-68.65735626	0.69543731	37.3790741	93.7981812189044177	44.7223905800960466	-2.473314484	0.7098626363634750	0.7043313968554815	0.0035101137735949	0.0306620298889705	-0.035880882	0.9988855801661782	0.7036724219536991	-0.708963924	-0.047066727
video_0049_001188	-69.60302734	0.97591865	37.36907196	90.1107006069197780	44.2548619958522167	2.9928127511108089	0.7152658386570194	0.6967972598185191	0.0535570607826275	-0.037395525	-0.038364678	0.9985638318176945	0.6978512411619908	-0.716241391	-0.001383845
video_0050_001200	-70.48990631	1.21481979	37.4085083	96.5598675790983521	46.7606775363520626	2.7923812267410262	0.6842338320333771	0.7173043591403673	0.1315238360874091	-0.033373416	-0.149363557	0.9882189752572031	0.7284986466787330	-0.680562256	-0.078260702
video_0050_001212	-71.41880798	1.35600173	37.39787292	97.6866112492003538	51.0027032262474265	1.8022598948217841	0.6289724307950888	0.7656047213261520	0.1350669907224661	-0.019791088	-0.157911134	0.9872549754196910	0.7771756520529421	-0.623629284	-0.0841696
video_0051_001224	-72.27228546	1.47650039	37.44895172	110.4793898577302116	60.4700527709995654	-10.34315398	0.4848691779994543	0.8646777937702806	0.1312790660642201	0.0884929695970398	-0.197838255	0.9762320520062938	0.8700981982270916	-0.461727558	-0.172443578
video_0051_001236	-73.18357086	1.45024574	37.43889999	111.5753414210605712	67.0852721386151387	-10.34933639	0.3830261050004768	0.9086753453713502	0.1661328372189608	0.0699484035189401	-0.207863215	0.9756536807181505	0.9210853509492566	-0.362080102	-0.143177427
video_0052_001248	-74.081604	1.3040036	37.41339493	115.5018722636503412	79.4173745170421626	-9.550981214	0.1811075375744210	0.9463586394165580	0.2675918261744395	0.0304726929652145	-0.277360587	0.9602825207957888	0.9829910858279324	-0.165760159	-0.079070189
video_0052_001260	-74.87596893	0.96865356	37.41984558	-148.2913383	86.9612264767366270	-102.3272245	-0.011317721	0.9431724393767560	0.3321109133728544	0.0517895164669427	-0.331133513	0.9421615797564723	0.9985938890086260	0.0278629859345769	-0.045098768
video_0053_001272	-75.56538391	0.40323722	37.42757416	-82.67810555	65.1151044322356967	-163.4126701	-0.403285534	0.8259329433401875	0.3939486657878151	0.1201275392312238	-0.378999832	0.9175666197165480	0.9071549771063574	0.4173654278988807	0.0536278575550864
video_0053_001284	-76.08820343	-0.38721383	37.40855789	-72.5400745	51.8841756763019646	-171.0422709	-0.609724854	0.6946445800767016	0.3817126010285857	0.0961098643890710	-0.413238888	0.9055365896915109	0.7867645749403436	0.5888145112623159	0.1851998243677917
video_0054_001296	-76.41607666	-1.25961792	37.41132355	-71.40769001	35.0238601984229945	-167.8455734	-0.800556091	0.4646425129573998	0.3784405912141591	0.1724199340091985	-0.426215507	0.8880381232003137	0.5739175134826896	0.7761750299085280	0.2610957882929992
video_0054_001308	-76.51935577	-2.23744678	37.39922714	-65.57189096	23.8465780693677161	-171.8598789	-0.905416168	0.3058321549494342	0.2944286946662618	0.1295067229655402	-0.461505074	0.8776337933276273	0.4042889708495896	0.8327543212033781	0.3782468355009478
video_0055_001320	-76.45450592	-3.18304539	37.41134262	-67.15986392	17.3900420243101301	-167.1260271	-0.930303771	0.1820315469524413	0.3184327385505805	0.2126232878569736	-0.439774037	0.8725767208908461	0.2988749412841625	0.8794676300432169	0.3704192991443023
video_0055_001332	-76.29312134	-4.09054279	37.40092087	-66.97539478	22.2956496613565172	-168.6811568	-0.907242789	0.2656058749792687	0.3261350040532527	0.1815953013495483	-0.452048773	0.8733126894400193	0.3793859093589071	0.8515312244337780	0.3618852105215495
video_0056_001344	-76.11564636	-4.98099613	37.4393425	-72.88830858	25.5747222092513482	-165.5520572	-0.873496342	0.3261186066516300	0.3614564910460842	0.2250550000540172	-0.387868479	0.8938166980623564	0.4316878356804075	0.8620932067821941	0.2654070747842992
video_0056_001356	-75.87622833	-5.83098888	37.42914581	-74.79867479	30.1664114144989561	-167.2103055	-0.843118867	0.4148523832180356	0.3421228974686585	0.1913924384467120	-0.36305638	0.9118985684483218	0.5025131951893957	0.8343186230517650	0.2267000747453597
video_0057_001368	-75.73492432	-6.70893574	37.4348793	-77.85454732	36.0815228651705695	-165.0800897	-0.780933414	0.5021729415451888	0.3714368587711602	0.2080809293060285	-0.3515395	0.9127553376983458	0.5889357606166177	0.7900900685475891	0.1700363297927610
video_0057_001380	-75.50699615	-7.588521	37.42938995	-77.07862073	36.5705192318907493	-165.6835161	-0.778182831	0.5073951234995584	0.3701103489091994	0.1985947617135576	-0.360269673	0.9114635942449451	0.5958117171898825	0.7827872965645563	0.1795896600486706
video_0058_001392	-75.28917694	-8.494874	37.44683456	-77.36162823	29.8563398511603069	-164.8076449	-0.836966318	0.4114501405231114	0.3608270571018290	0.2272788005603892	-0.338449898	0.9131243141337093	0.4978270081957036	0.8462626354210839	0.1897572707462786
video_0058_001404	-74.96690369	-9.45199299	37.41840363	-69.84007501	13.7260651011188362	-169.2921327	-0.954525855	0.1548294567427798	0.2547709405708819	0.1804952818347899	-0.380026536	0.9071941828122644	0.2372801004509564	0.9119252553898086	0.3347991674305905
video_0059_001416	-74.55354309	-10.31844425	37.43371964	-68.72558221	-3.56495225	-164.9932514	-0.964026279	-0.14991648	0.2194957444924036	0.2584317672225052	-0.335457572	0.9059145870364650	-0.062180016	0.9300501418932807	0.3621330958974573
video_0059_001428	-73.95571899	-11.12544918	37.41984177	-62.31040614	-24.19636158	-162.4226355	-0.869558087	-0.486312147	0.0858442158117652	0.2754620201475664	-0.333383902	0.9016517340270016	-0.409865111	0.8076853777710551	0.4238571942739258
video_0100_001440	-73.24712372	-11.70682049	37.4142189	-51.1550444	-46.55234898	-148.873949	-0.588686062	-0.808260399	0.0128003066854647	0.3554832993311638	-0.244625206	0.9021031717646683	-0.726002992	0.5356058593559169	0.4313305225008816
video_0100_001452	-72.3735199	-12.02919483	37.34841919	-34.60535026	-55.62688654	-132.7224299	-0.383037617	-0.922699221	-0.043684452	0.4147679802779888	-0.214052328	0.8843919512532101	-0.825378523	0.3206364740155950	0.4646961859657973
video_0101_001464	-71.38851166	-12.0946455	37.31346512	-24.38888374	-60.71517468	-126.16252	-0.288637358	-0.947821426	-0.135362552	0.3949147182919420	-0.246651424	0.8849889493527625	-0.872198854	0.2019842082830772	0.4455014466359207
video_0101_001476	-70.40702057	-11.97317982	37.33606339	-27.81189745	-59.91139054	-131.0665478	-0.329347044	-0.932059247	-0.150983722	0.3779828701976817	-0.276679921	0.8835027849064183	-0.865251105	0.2339097697530376	0.4434261436594568
video_0102_001488	-69.39687347	-11.77544117	37.36140823	-31.43535593	-60.15958325	-133.6375867	-0.343381317	-0.929688976	-0.133295456	0.3601125686987288	-0.261406634	0.8955364367184023	-0.867414669	0.2595091123389769	0.4245548396781860
video_0102_001500	-68.43066406	-11.59295082	37.37258148	-32.13942427	-57.62778145	-135.8882031	-0.384420544	-0.91198683	-0.143181239	0.3726829338621391	-0.295213032	0.8797480870707638	-0.844587637	0.2848320341276787	0.4533678817345569
video_0103_001512	-67.42440796	-11.51468372	37.39875793	-34.42475708	-57.98261548	-137.0699133	-0.388187501	-0.912781796	-0.127042737	0.3611061353064243	-0.277482547	0.8902841092111031	-0.847887271	0.2997212514461721	0.4373263631946450
video_0103_001524	-66.44429016	-11.46140671	37.37662506	-38.80182947	-54.51023367	-140.5044242	-0.44800098	-0.889378797	-0.091106953	0.3692454120726091	-0.27687411	0.8871293891282817	-0.814219225	0.3637940115993099	0.4524389129869950
video_0104_001536	-65.4271698	-11.47072029	37.39421463	-37.22141061	-58.42736957	-139.4782189	-0.398003289	-0.909142355	-0.122692947	0.3401886765551179	-0.270470303	0.9006206079226510	-0.851977139	0.3167112132832034	0.4169280050663129
video_0104_001548	-64.44239044	-11.48782158	37.36180115	-40.47151377	-52.94925893	-142.8135735	-0.480013131	-0.872488289	-0.091386979	0.3641705968446772	-0.292952983	0.8840578747484917	-0.79810223	0.3910789381138017	0.4583558597213288
video_0105_001560	-63.40462494	-11.44961548	37.39831543	-40.99904175	-58.41926493	-141.9467708	-0.412381118	-0.905294544	-0.101899967	0.3228048550303858	-0.2498012	0.9129054639329139	-0.851903069	0.3435711716515291	0.3952467719246939
video_0105_001572	-62.38518143	-11.44476891	37.37993622	-40.12145664	-52.13541391	-143.1647787	-0.491260685	-0.865613045	-0.096834894	0.3679811637326468	-0.307025074	0.8776818710646958	-0.789463617	0.3955371798116049	0.4693586437726494
video_0106_001584	-61.37784576	-11.42812252	37.44909286	-40.14721498	-49.74096532	-141.7725808	-0.507664245	-0.859513355	-0.059277375	0.3998859057159466	-0.296013845	0.8674485957484870	-0.763130576	0.4166684497445075	0.4939829212695462
video_0106_001596	-60.42644882	-11.39756775	37.4466095	-45.98382904	-47.14678204	-149.8515766	-0.588120484	-0.804875318	-0.079309634	0.3415859173696214	-0.336082139	0.8777060198207830	-0.733098464	0.4891058351227749	0.4725908639879890
video_0107_001608	-59.33239746	-11.29800129	37.44246292	-43.54758224	-51.45551862	-145.1803163	-0.511553954	-0.85622965	-0.071995413	0.3557999565562973	-0.287347808	0.8892905196435033	-0.782124634	0.4293041168187672	0.4516403792924329
video_0107_001620	-58.29256058	-11.25879002	37.36614609	-47.55814131	-49.58310376	-149.6743101	-0.559630988	-0.825705386	-0.070878576	0.3273586392708804	-0.298818475	0.8964060688171914	-0.761347147	0.4784538999834466	0.4375298701451283
video_0108_001632	-57.24730301	-11.18676472	37.35624695	-45.8604268	-55.31470398	-145.488812	-0.468921318	-0.880824367	-0.065278107	0.3224155278157503	-0.239513041	0.9157956818012759	-0.82229011	0.4083894432329099	0.3963042240482981
video_0108_001644	-56.26566696	-11.20456123	37.35090256	-43.43299842	-56.96627851	-146.3456736	-0.453766231	-0.882203096	-0.125753347	0.3021021265555285	-0.285054888	0.9096581861808050	-0.838349875	0.3747818130764112	0.3958637138509161
video_0109_001656	-55.2804451	-11.1982317	37.376194	-45.9971924	-58.1702756	-145.5145857	-0.434717413	-0.897074314	-0.07923665	0.2986100901677542	-0.226592345	0.9270857151151563	-0.8496192	0.3793594402960588	0.3663790797428379
video_0109_001668	-54.31260681	-11.31215858	37.36402512	-49.65710112	-53.79035007	-152.9095584	-0.525930597	-0.842312191	-0.11792871	0.2690215788270340	-0.296279926	0.9164309004836153	-0.806860829	0.4502536824947957	0.3824228338911724
video_0110_001680	-53.27318573	-11.28510666	37.34572601	-45.11889609	-54.43672939	-146.7566942	-0.486422632	-0.868904169	-0.091643702	0.3188313971353806	-0.27417767	0.9072888985195238	-0.813473763	0.4121069644098058	0.4104001541479456
video_0110_001692	-52.32160187	-11.29234982	37.35454559	-45.25356551	-61.27541957	-147.7114466	-0.406283929	-0.902568996	-0.142487107	0.2567284467478498	-0.262409908	0.9301782328230149	-0.876940063	0.3413359739102163	0.3383280650465635
video_0111_001704	-51.32764816	-11.21395588	37.36339188	-39.64363224	-64.6725112	-141.9404043	-0.336830225	-0.928770359	-0.154696542	0.2637252804179421	-0.250782397	0.9314274880977607	-0.903877412	0.2729355412159269	0.3294113146494471
video_0111_001716	-50.36290359	-11.1761694	37.3788681	-41.11448576	-65.98006472	-142.41634	-0.322575861	-0.935483347	-0.144276548	0.2482703342956943	-0.230708288	0.9408164150307655	-0.913403884	0.2676650779943140	0.3066736878731815
video_0112_001728	-49.34517288	-11.05246162	37.38936234	-31.2356335	-66.6353456	-133.9896018	-0.275436989	-0.945794242	-0.172068928	0.2853269601669977	-0.251358196	0.9248824700219457	-0.91799945	0.2056509383863245	0.3390939406498371
video_0112_001740	-48.3972435	-10.9627142	37.38426971	-37.73684195	-65.4359428	-137.5316652	-0.306648972	-0.944564053	-0.11732501	0.2806803963521453	-0.207519522	0.9370988010466208	-0.909497071	0.2544295538751855	0.3287562609822370
video_0113_001752	-47.39451981	-10.81206989	37.36841202	-23.96651908	-65.30964233	-127.0193943	-0.251499573	-0.951803214	-0.175552292	0.3335162610181713	-0.255500449	0.9074615275710933	-0.908578488	0.1696766428346882	0.3817001029926135
video_0113_001764	-46.46315765	-10.77003479	37.37391663	-38.02591895	-63.12631605	-142.7453417	-0.359790605	-0.91422956	-0.186373368	0.2736373025669028	-0.294358344	0.9156832377414768	-0.89200524	0.2784555200647519	0.3560746773612615
video_0114_001776	-45.50642014	-10.6362381	37.39928818	-42.75877626	-62.28780907	-145.8420599	-0.384809404	-0.909601084	-0.156676707	0.2611034584354326	-0.270092053	0.9267552356240549	-0.8852947	0.3157152998790692	0.3414339508898656
video_0114_001788	-44.57767105	-10.63004303	37.41743851	-51.58641848	-61.33360831	-153.0335785	-0.427551321	-0.894509402	-0.130586357	0.2175327526394761	-0.242015703	0.9455727898740277	-0.8774277	0.3758740860923655	0.2980592262479715
video_0115_001800	-43.57052994	-10.57643604	37.41083145	-43.54814419	-60.22428936	-144.9125217	-0.406360491	-0.905963774	-0.118746752	0.2854622830429704	-0.249333892	0.9253885104893345	-0.867976057	0.3421436109521727	0.3599379301080089
video_0115_001812	-42.6227951	-10.5655365	37.4409523	-47.64658285	-62.63859589	-148.7517043	-0.392925977	-0.910593602	-0.128173586	0.2384173448458514	-0.235497602	0.9421772917092011	-0.888125186	0.3396471273461273	0.3096344344022032
video_0116_001824	-41.63610077	-10.49103069	37.44143295	-42.07297384	-63.04750948	-144.2855944	-0.368011585	-0.918274996	-0.146077052	0.2645834790053242	-0.254026202	0.9303043972126479	-0.891382665	0.3037132209178376	0.3364449782074097
video_0116_001836	-40.68107224	-10.46860027	37.45202255	-43.37777079	-63.72677348	-145.9027037	-0.366554462	-0.917447674	-0.154685464	0.2481508028022804	-0.256639882	0.9341076756954323	-0.896693373	0.3040160144266242	0.3217378707536812
video_0117_001848	-39.75571442	-10.32485104	37.44481659	-41.10628088	-65.2081663	-141.5099116	-0.328210512	-0.936132834	-0.126226687	0.2609777408679071	-0.218293373	0.9403396311573186	-0.907837253	0.2756869962634103	0.3159560120688963
video_0117_001860	-38.83177948	-10.26822567	37.45346451	-37.24035713	-68.81348529	-137.8058901	-0.267755533	-0.952741551	-0.143493945	0.2427357398589968	-0.210832585	0.9469049485383505	-0.932408888	0.2187079304890676	0.2877160164698455
video_0118_001872	-37.89344025	-10.24226284	37.43338776	-40.13709835	-62.79326253	-140.9724915	-0.355174902	-0.926767646	-0.122280491	0.2878974210472827	-0.232897128	0.9289101154173370	-0.889362617	0.2947213215836709	0.3495332301385354
